10886|137615
10886|92417
10886|137242
10886|138468
10886|39673
10886|96574
10886|130640
10886|136384
10887|87663
10887|66618
10887|10259
10887|57115
10887|136428
10887|136368
10887|79675
10887|136885
10888|80434
10888|89832
10888|10341
10888|136864
10888|10404
10888|89810
10888|96293
10888|12869
10888|120430
10888|36984
10888|12930
10888|79675
10888|72676
10888|94871
10888|138036
10888|63533
10888|136411
10888|13880
10888|136668
10888|10259
10888|75721
10889|135933
10889|23292
10889|136406
10889|136387
10889|11061
10889|136401
10889|136398
10889|137981
10889|138123
10889|137988
10889|136659
10889|136643
10889|136410
10889|138056
10889|137589
10889|137987
10889|136409
10889|137974
10889|108081
10889|136784
10889|136395
10889|137989
10889|136403
10889|79675
10889|10259
10890|136371
10890|25834
10890|136417
10890|137247
10890|136843
10890|136851
10891|137402
10891|87663
10891|136371
10891|36984
10891|119986
10891|138405
10892|20228
10892|137222
10892|120250
10892|136621
10892|136388
10892|87663
10892|137645
10892|136497
10892|136535
10892|121360
10893|136373
10893|10023
10893|136702
10893|136754
10893|119398
10893|29465
10893|138080
10893|10150
10893|136642
10893|136791
10893|119962
10893|136792
10893|137338
10893|136607
10893|10643
10893|125035
10893|136393
10893|137893
10893|22396
10893|137562
10893|12255
10893|28071
10893|11940
10893|10030
10893|119600
10893|10024
10893|12869
10893|56785
10893|16963
10893|117298
10893|136444
10893|10158
10893|57115
10893|136685
10893|84135
10893|137662
10893|10297
10893|10107
10893|119169
10893|39575
10893|111152
10893|136316
10893|136427
10893|136384
10893|118743
10893|10076
10893|136521
10893|65293
10893|135225
10894|79903
10894|137417
10894|137222
10894|77275
10894|138079
10894|137788
10894|22586
10894|25776
10894|136404
10894|136519
10894|136870
10894|136887
10894|39575
10894|136661
10894|76157
10894|36424
10894|136883
10894|137808
10894|137589
10894|136927
10894|80456
10894|117277
10894|79675
10894|76061
10894|80436
10894|32470
10894|76599
10894|76168
10894|76154
10894|137798
10894|137804
10894|13880
10894|137942
10894|76163
10894|137792
10894|136983
10894|137703
10894|75778
10894|137362
10894|137946
10894|137774
10894|136928
10894|80434
10894|75721
10894|136862
10894|76745
10894|76763
10894|138136
10894|117830
10894|136863
10894|79178
10894|79354
10894|135904
10894|80428
10894|137815
10894|136869
10894|77711
10894|136922
10894|48882
10895|136316
10895|105519
10895|117980
10895|136658
10895|107438
10895|119603
10895|138151
10895|136562
10895|137080
10895|36998
10896|128579
10896|137672
10896|136426
10896|136817
10896|13880
10896|48882
10896|136369
10896|136423
10896|136406
10896|136697
10897|137547
10897|138388
10897|96293
10897|75744
10897|77275
10897|136427
10897|32544
10897|136406
10897|87663
10897|136388
10897|136384
10897|78032
10897|66618
10897|111152
10897|136791
10897|12877
10897|127684
10897|136450
10897|12930
10898|96574
10898|78032
10898|136575
10899|137946
10899|79903
10899|136519
10899|137222
10899|75778
10899|136922
10899|136927
10899|76763
10899|136883
10899|76745
10899|136869
10899|77275
10899|136870
10899|136928
10899|138079
10899|76163
10899|137808
10899|136396
10899|136862
10899|92417
10899|138136
10899|80430
10899|76061
10899|137804
10899|137792
10899|137815
10899|137417
10899|80428
10899|32470
10899|76157
10899|135904
10899|76154
10899|117277
10899|79178
10899|137589
10899|79354
10899|25776
10899|137774
10899|76168
10899|76599
10899|80436
10899|137942
10899|136404
10899|137788
10899|136887
10899|136983
10899|108081
10899|137798
10900|137721
10900|12488
10900|78032
10900|37680
10900|57115
10900|136767
10900|104934
10900|92417
10900|136722
10900|136372
10900|13514
10901|136430
10901|137397
10901|136697
10901|31408
10901|138112
10901|136546
10901|136831
10901|137181
10901|125710
10901|136410
10901|12877
10901|121360
10901|136427
10901|136535
10901|136454
10901|138401
10901|136388
10901|115266
10901|136863
10901|137897
10901|118924
10901|88969
10901|136043
10901|118745
10901|95681
10901|137196
10901|137010
10901|120295
10901|137673
10901|90686
10901|136827
10902|136927
10902|136870
10902|80428
10902|76168
10902|137808
10902|136887
10902|137804
10902|75721
10902|76599
10902|76061
10902|79903
10902|76745
10902|32470
10902|137230
10902|138079
10902|66618
10902|137774
10902|137946
10902|135904
10902|137798
10902|136825
10902|137346
10902|137942
10902|80430
10902|136928
10902|136922
10902|138136
10902|137792
10902|76763
10902|136519
10902|137589
10902|136404
10902|13880
10902|87825
10902|137417
10902|79354
10902|136862
10902|79178
10902|137788
10902|137222
10902|75778
10902|137815
10902|77275
10902|80436
10902|117277
10902|136869
10902|136883
10903|113980
10903|25776
10903|81373
10903|119666
10903|110152
10903|125789
10904|109474
10904|46935
10904|138240
10904|10297
10904|89006
10904|136656
10904|137541
10904|137542
10904|137181
10904|136477
10904|77195
10904|136411
10904|137607
10904|10341
10904|138218
10904|30592
10904|138486
10904|36984
10904|138147
10904|39673
10904|30926
10904|72676
10904|25776
10904|138065
10904|96293
10904|10150
10904|138039
10904|90686
10904|138063
10904|137554
10904|12869
10904|137546
10904|138043
10904|137615
10904|25936
10904|89810
10904|138244
10904|120430
10904|26680
10904|138235
10904|136925
10904|136464
10905|136452
10905|136514
10905|65293
10905|138472
10905|137407
10905|136515
10905|137698
10905|65452
10905|137131
10905|65549
10905|135726
10905|137119
10906|119807
10906|136617
10906|118743
10906|118751
10906|118745
10906|137673
10906|119637
10906|135457
10906|117948
10906|22396
10906|28235
10906|115637
10906|123826
10906|138080
10906|121414
10906|118646
10906|137382
10906|136754
10906|119178
10906|118692
10906|14199
10906|118764
10906|136650
10906|118739
10906|137683
10906|14724
10906|118697
10906|119407
10906|50912
10906|19663
10906|119878
10906|136585
10906|136607
10906|138311
10906|119913
10906|119876
10906|138422
10906|118967
10906|118759
10906|119990
10906|81373
10906|136608
10906|118338
10906|119162
10906|31339
10906|119829
10906|119848
10906|20725
10906|118815
10906|119849
10906|88914
10906|118762
10906|120216
10906|119873
10906|119603
10906|118733
10906|120209
10906|136600
10906|136824
10906|137676
10906|39673
10906|136653
10906|62848
10906|118961
10906|118957
10906|119035
10906|119838
10906|136552
10906|136509
10906|119169
10906|138089
10906|137893
10906|118748
10906|137699
10906|118795
10906|136555
10906|118726
10906|136615
10906|119618
10906|69071
10906|119854
10906|119632
10906|136814
10906|137615
10906|120125
10906|119186
10906|137681
10906|119883
10906|118810
10906|72615
10906|39575
10906|118879
10906|118977
10906|119614
10906|91735
10906|118742
10906|119666
10906|138005
10906|28071
10906|121863
10907|10118
10907|119703
10907|11671
10907|119873
10907|15877
10907|118795
10907|27327
10907|44356
10907|137476
10907|119186
10907|28752
10907|16704
10907|26618
10907|121863
10907|14899
10908|137698
10908|135933
10908|117948
10908|136514
10908|10158
10908|125710
10908|65452
10908|65293
10908|65549
10908|118879
10909|28234
10909|137476
10909|117341
10909|138374
10909|24865
10909|12122
10909|137874
10909|135225
10909|137879
10909|137760
10909|10297
10909|35343
10909|137248
10909|137704
10909|136926
10909|36598
10909|136938
10909|137631
10909|138438
10909|13615
10909|137706
10909|138417
10909|10343
10909|56355
10909|25023
10909|137907
10909|11496
10909|136932
10909|24862
10909|24864
10909|16286
10909|137145
10909|138495
10909|137576
10909|136642
10909|136782
10909|10472
10909|118748
10909|136929
10909|137105
10909|137756
10909|19663
10909|136506
10909|123998
10909|136868
10909|25820
10909|136449
10909|137999
10909|27112
10909|138125
10909|137665
10909|138493
10909|138116
10909|137358
10909|137875
10909|137518
10909|93503
10909|24853
10909|14199
10909|136924
10910|136510
10910|138001
10910|137755
10910|136417
10910|138004
10910|136393
10910|138000
10910|136420
10911|10297
10911|66618
10911|136656
10911|136420
10911|137882
10911|94123
10911|88914
10911|81204
10911|36424
10911|136806
10911|63533
10911|136967
10911|43716
10911|137925
10911|48882
10912|136369
10912|136824
10912|137653
10912|118961
10912|137788
10912|137977
10912|136316
10912|125710
10912|120559
10913|136743
10913|136440
10913|26158
10913|132177
10913|58004
10913|136492
10913|137413
10913|138101
10913|137594
10913|136441
10913|136435
10913|24021
10913|136467
10913|13024
10913|136499
10913|132722
10913|137319
10913|13128
10913|136966
10913|137144
10913|137736
10913|77195
10913|137410
10913|136507
10913|137367
10913|52215
10913|105941
10913|11355
10913|27723
10913|136462
10913|45514
10913|137181
10913|137626
10913|10297
10913|138108
10913|136531
10913|118170
10913|119201
10913|137046
10913|136461
10913|127122
10913|138105
10913|136704
10913|138188
10913|136878
10913|137366
10913|136571
10913|89810
10913|136619
10913|133094
10913|137623
10913|136525
10913|136465
10913|66077
10913|137412
10913|136778
10913|118764
10913|81204
10913|119674
10913|137352
10914|65293
10914|136481
10914|65452
10914|65549
10914|137698
10914|136566
10914|104934
10914|136514
10914|29465
10915|138063
10915|138218
10915|136850
10915|138036
10915|138486
10915|32977
10915|138065
10915|10472
10915|10076
10915|30592
10915|138039
10915|137546
10915|136428
10915|94871
10915|109474
10915|89832
10915|138240
10915|136464
10915|137541
10915|72676
10915|138147
10915|88781
10915|137885
10915|137607
10915|138235
10915|137801
10915|136477
10915|138244
10915|108081
10915|46935
10915|137554
10915|116716
10915|138043
10915|119035
10915|138225
10915|138040
10915|137542
10915|136818
10915|89006
10915|13880
10915|89810
10915|26680
10915|10341
10915|133094
10915|137066
10915|136444
10915|136584
10915|79675
10915|66618
10915|13283
10915|120430
10915|24463
10915|32544
10915|96293
10915|116558
10915|136432
10916|127122
10916|138105
10916|137046
10916|45514
10916|136859
10916|126693
10916|136778
10916|137319
10916|13024
10916|24021
10916|66077
10916|138108
10916|136571
10916|118170
10916|25829
10916|27723
10916|136440
10916|136461
10916|137736
10916|77195
10916|137623
10916|136492
10916|13128
10916|136462
10916|137410
10916|136211
10916|136508
10916|136831
10916|136466
10916|137352
10916|136704
10916|132177
10916|136465
10916|133811
10916|26158
10916|136540
10916|11355
10916|119674
10916|137366
10916|132722
10916|136467
10916|138188
10916|137412
10916|136441
10916|138461
10916|137367
10916|136507
10916|136743
10916|136499
10916|58004
10916|25776
10916|52215
10916|137144
10916|137413
10916|137423
10916|81204
10916|120113
10916|133094
10916|94871
10916|136531
10916|10297
10916|105941
10916|138101
10917|119873
10917|118810
10917|136868
10917|119854
10917|135225
10917|118692
10917|111152
10917|136857
10917|54177
10917|120216
10917|12255
10917|118726
10917|10343
10917|120032
10917|12930
10917|118838
10917|119829
10917|138080
10918|137413
10918|137144
10918|136571
10918|136743
10918|27723
10918|20236
10918|66618
10918|26158
10918|136531
10918|137410
10918|136461
10918|132722
10918|136579
10918|118170
10918|136507
10918|132177
10918|63533
10918|81204
10918|138101
10918|136499
10918|136467
10918|138188
10918|136778
10918|102132
10918|107195
10918|10297
10918|137573
10918|77195
10918|105941
10918|136704
10918|136806
10918|137046
10918|127122
10918|136441
10918|137362
10918|98181
10918|90686
10918|94123
10918|136492
10918|52215
10918|58004
10918|119854
10918|133094
10918|136816
10918|136440
10918|66077
10918|136431
10918|107403
10918|136462
10918|119674
10918|136496
10918|137319
10918|11355
10919|137352
10919|137367
10919|137410
10919|25776
10919|136496
10919|136704
10919|138101
10919|105941
10919|137181
10919|89874
10919|136487
10919|136461
10919|136462
10919|137366
10919|26158
10919|136467
10919|24021
10919|136440
10919|77195
10919|136499
10919|136540
10919|20228
10919|84894
10919|136441
10919|136743
10919|136465
10919|136778
10919|133094
10919|137623
10919|136507
10919|132177
10919|138188
10919|136466
10919|137046
10919|10297
10919|127122
10919|136492
10919|11355
10919|45514
10919|13024
10919|136571
10919|66077
10919|137319
10919|137413
10919|136525
10919|137736
10919|136531
10919|81204
10919|94123
10919|118170
10919|137412
10919|137144
10919|22586
10919|119601
10919|107195
10919|52215
10919|138108
10919|27723
10919|119674
10920|136519
10920|11940
10920|137698
10920|65549
10920|65452
10920|52671
10920|137499
10920|136480
10920|136451
10920|65293
10921|80434
10921|138303
10921|13880
10921|130413
10921|86604
10921|136043
10921|137906
10921|137621
10921|136437
10921|136417
10921|137673
10921|136396
10921|136502
10921|10553
10922|11496
10922|28752
10922|120870
10922|137576
10922|137875
10922|138374
10922|137874
10922|118751
10922|137706
10922|138417
10922|28234
10922|24865
10922|137999
10922|24853
10922|138472
10922|137704
10922|19663
10922|137665
10922|138323
10922|137631
10922|22396
10922|135726
10922|12930
10922|120011
10922|112055
10922|136521
10922|72820
10922|10343
10922|137042
10922|138077
10922|24680
10922|12122
10922|27112
10922|138495
10922|137907
10922|137145
10922|136929
10922|136938
10922|138125
10922|25023
10922|137358
10922|24862
10922|137756
10922|13615
10922|136641
10922|123998
10922|30044
10922|119162
10922|93503
10922|136926
10922|36598
10922|35343
10922|137879
10922|118795
10922|32239
10922|26206
10922|119848
10922|117341
10922|25393
10922|137105
10922|137248
10922|119178
10922|136932
10922|115637
10922|13152
10922|136782
10922|138438
10922|138116
10922|136449
10923|136937
10923|50319
10923|119601
10923|136464
10923|72676
10923|50017
10923|79675
10923|56786
10923|96293
10923|136540
10923|108081
10923|12930
10923|13283
10923|13880
10923|137925
10923|136482
10923|25829
10923|96574
10923|136667
10923|49184
10923|12869
10923|89874
10923|40163
10923|119201
10923|24853
10923|78663
10923|33995
10923|94123
10923|138036
10923|24021
10923|136997
10923|10404
10923|89810
10923|10341
10923|136757
10923|136896
10923|118879
10923|24463
10923|89832
10923|133094
10923|23292
10924|137403
10924|136452
10924|116558
10924|136638
10925|10341
10925|96293
10925|30926
10925|136600
10925|138039
10925|136816
10925|138065
10925|136668
10925|26680
10925|138486
10925|136477
10925|72676
10925|89810
10925|137554
10925|136464
10925|10297
10925|20236
10925|135904
10925|67901
10925|136396
10925|138550
10925|136954
10925|133094
10925|11043
10925|138043
10925|13024
10925|136966
10925|130392
10925|138063
10925|13880
10925|137542
10925|120430
10925|89006
10925|137079
10925|119618
10925|138218
10925|138235
10925|138147
10925|138244
10925|137352
10925|25776
10925|109474
10925|136714
10925|25829
10925|40163
10925|116716
10925|28235
10925|36554
10925|138240
10925|137541
10925|138040
10925|138036
10925|46935
10925|136411
10925|30592
10925|89874
10925|24759
10925|137607
10926|12589
10926|136450
10926|136411
10926|11061
10926|138385
10927|136478
10927|125035
10927|137181
10927|92417
10928|12488
10928|136777
10928|105759
10928|18677
10928|136408
10928|18679
10928|136685
10928|136683
10928|29465
10928|113626
10928|138303
10928|70406
10928|35699
10928|137305
10928|136490
10928|16887
10929|138518
10929|136426
10929|105759
10929|138506
10929|138497
10929|136573
10929|137627
10929|25512
10929|138539
10929|138515
10929|22539
10929|94818
10929|138522
10929|29465
10929|136408
10929|136423
10929|120790
10929|136681
10929|138488
10929|62126
10929|138501
10929|18679
10929|76083
10929|136683
10929|32034
10929|136653
10929|70406
10929|138509
10929|138498
10929|16887
10929|138504
10929|138496
10929|117830
10929|138527
10929|136490
10929|137476
10929|80436
10929|20586
10929|136444
10929|18677
10929|136777
10929|136685
10929|138519
10929|113626
10929|79167
10929|138513
10929|35699
10930|137358
10930|118751
10930|10341
10930|93503
10930|24853
10930|119101
10930|137659
10930|18972
10930|56522
10930|75879
10930|118359
10930|138422
10930|136834
10930|10343
10930|13880
10930|118898
10930|28235
10930|136866
10930|136667
10930|10076
10930|40267
10930|14199
10930|118338
10930|10404
10930|40163
10930|26743
10930|63533
10930|136547
10930|138036
10930|11549
10930|138093
10930|24680
10930|138138
10930|12362
10930|136896
10930|137618
10930|10297
10930|136464
10930|48035
10930|30377
10930|25023
10930|23292
10930|11654
10930|136594
10930|10259
10930|108081
10930|112055
10930|137627
10931|22396
10931|138235
10931|121002
10931|137542
10931|137721
10931|120430
10931|10297
10931|137607
10931|136552
10931|137068
10931|36554
10931|26680
10931|138218
10931|89006
10931|138124
10931|136896
10931|136431
10931|10341
10931|72676
10931|71403
10931|136477
10931|116558
10931|138039
10931|137541
10931|27749
10931|89810
10931|138063
10931|10150
10931|136043
10931|138240
10931|79675
10931|137554
10931|109474
10931|138043
10931|116716
10931|136416
10931|138040
10931|138244
10931|31408
10931|94871
10931|138147
10931|138065
10931|30592
10931|36984
10931|138486
10931|62848
10931|88969
10931|96293
10932|136408
10932|136683
10932|105759
10932|50912
10932|118762
10932|136685
10932|16887
10932|18679
10932|136574
10932|137500
10932|29465
10932|136777
10932|113626
10932|70406
10932|136490
10932|18677
10933|56785
10933|44721
10933|118726
10933|118692
10933|137354
10933|136667
10933|28071
10933|118733
10933|136430
10933|54177
10933|22396
10933|56355
10933|117952
10933|56786
10933|138510
10933|135726
10933|119913
10933|40163
10933|138135
10934|117298
10934|137713
10934|26206
10934|11537
10934|136427
10934|137162
10934|138405
10934|137709
10934|136446
10934|136316
10934|136391
10934|118944
10934|55610
10935|136851
10935|136451
10935|96574
10935|105444
10935|15051
10935|137577
10935|137573
10935|137629
10935|122348
10935|137151
10935|25818
10935|137146
10935|79167
10935|22396
10935|18677
10935|136575
10935|136454
10935|121168
10935|136705
10935|15024
10935|15029
10935|49184
10935|137574
10935|65293
10935|138316
10936|136552
10936|137577
10936|118748
10936|137574
10936|118977
10936|50912
10936|49184
10936|119829
10936|75870
10936|96574
10936|136635
10936|136615
10936|136833
10936|84306
10936|137573
10937|137072
10937|137066
10937|137449
10937|137067
10937|136698
10937|10030
10937|137209
10937|54416
10937|136177
10937|136853
10937|137068
10937|137159
10937|136839
10937|136420
10937|137042
10937|137045
10938|136702
10938|136699
10938|136715
10938|136899
10938|136391
10938|137461
10938|136716
10938|136814
10938|136705
10938|137011
10938|136878
10938|136833
10938|136813
10938|136901
10939|136716
10939|136637
10939|137372
10939|136899
10939|136705
10939|136878
10939|136699
10939|136833
10939|136702
10939|120706
10939|137011
10939|136715
10939|136391
10939|136813
10939|137461
10939|136901
10940|136628
10940|16704
10940|137475
10940|25881
10940|137699
10940|26206
10940|138092
10940|136815
10940|118795
10940|30044
10940|137809
10940|11461
10940|137478
10940|11638
10941|136410
10941|118170
10941|120515
10941|25829
10941|107403
10941|136432
10941|20236
10941|20228
10941|120559
10941|30926
10941|137196
10941|25776
10941|118188
10942|138440
10942|136553
10942|48882
10942|136436
10942|66618
10942|118170
10942|20236
10942|136432
10942|128579
10942|80430
10942|10297
10942|133094
10942|20228
10942|30926
10942|107904
10942|25776
10942|136445
10942|137079
10942|119035
10942|120710
10942|137196
10942|136966
10942|89810
10943|75744
10943|137843
10943|136430
10943|10472
10943|136426
10943|136432
10943|66618
10943|136431
10943|137605
10943|136423
10943|136698
10943|136895
10943|36481
10943|136369
10943|119854
10943|136714
10943|24463
10943|89810
10943|136478
10943|136627
10943|136508
10943|137924
10943|136428
10943|72615
10943|120430
10943|117830
10943|24061
10943|25776
10944|137913
10944|136422
10944|120706
10945|69071
10945|136541
10945|137661
10945|91735
10945|136753
10945|136422
10946|138147
10946|10341
10946|136822
10946|118924
10946|136997
10946|138065
10946|10472
10946|137546
10946|67749
10946|138486
10946|138063
10946|138040
10946|54416
10946|138043
10946|26680
10946|136043
10946|135933
10946|137607
10946|136477
10946|134659
10946|137666
10946|138235
10946|136966
10946|137542
10946|138240
10946|120430
10946|89810
10946|25776
10946|30592
10946|89006
10946|116716
10946|109474
10946|136435
10946|137554
10946|136627
10946|20236
10946|138244
10946|96293
10946|137449
10946|137541
10946|138039
10946|136817
10946|123883
10946|138218
10946|137590
10947|138147
10947|136641
10947|138244
10947|137542
10947|138065
10947|138040
10947|138039
10947|136437
10947|136895
10947|138043
10947|26680
10947|96293
10947|138218
10947|120430
10947|137541
10947|137607
10947|116716
10947|89006
10947|10341
10947|109474
10947|138063
10947|30592
10947|137554
10947|136477
10947|138235
10947|37511
10947|136510
10947|138240
10947|89810
10947|138486
10947|137546
10948|137272
10948|118745
10948|55610
10948|12255
10948|10023
10948|136699
10948|119407
10948|61623
10948|136813
10948|136316
10949|137846
10949|136491
10949|137829
10949|55610
10949|12930
10949|12255
10949|41231
10949|136868
10949|25813
10949|22614
10949|137955
10949|54416
10949|111152
10949|127684
10949|22396
10950|136631
10950|41231
10950|116085
10950|56355
10950|135225
10950|22396
10950|137281
10950|11638
10950|12255
10951|11461
10951|22396
10951|136599
10951|137665
10951|54177
10951|136779
10951|121060
10951|26744
10951|137809
10951|136797
10951|136653
10951|135225
10951|54416
10951|32977
10951|137382
10951|126795
10952|114219
10952|138056
10952|136432
10952|136388
10952|90686
10952|88969
10952|31408
10952|136822
10952|80428
10952|30926
10952|12877
10952|30769
10952|32544
10952|136715
10952|137589
10952|138164
10952|137703
10952|136316
10952|136436
10953|137880
10953|133094
10953|90686
10953|107403
10953|128025
10953|13880
10953|22586
10953|136638
10953|90422
10953|10341
10953|136661
10953|118917
10953|36554
10953|96223
10953|67901
10953|136388
10953|136896
10953|136656
10953|10404
10953|138487
10953|98749
10953|66618
10953|25424
10953|63533
10953|13283
10953|30926
10953|138036
10953|12997
10953|94123
10954|120910
10954|119807
10954|16267
10954|118743
10954|130640
10954|134659
10955|120515
10955|23292
10955|136714
10955|137944
10956|137635
10956|137977
10956|136432
10956|25776
10956|10150
10956|136472
10956|27749
10956|98181
10956|118764
10956|136824
10956|23292
10957|66618
10957|136432
10957|30710
10957|107403
10957|138074
10957|138385
10957|136579
10957|136818
10958|137590
10958|138112
10958|136437
10958|136853
10958|136839
10958|92417
10958|137621
10958|136472
10958|136698
10958|136627
10958|13024
10958|128579
10958|66618
10958|137726
10958|36984
10958|137635
10958|52671
10958|138002
10958|136697
10959|119101
10959|125131
10959|12362
10959|10297
10959|137358
10959|93503
10959|50017
10959|25023
10959|24875
10959|137618
10959|56522
10959|11549
10959|10343
10959|75879
10959|23292
10959|26743
10959|112055
10959|10150
10959|136453
10960|136408
10960|26743
10960|138438
10960|136843
10960|11005
10960|10343
10960|11549
10960|118359
10960|136456
10960|138415
10960|25023
10960|12930
10960|56522
10960|113519
10960|118762
10960|112055
10960|137358
10960|108081
10960|24680
10960|137649
10960|50017
10960|75744
10960|136453
10960|119101
10960|75879
10960|118338
10960|63533
10960|137618
10961|57242
10961|120700
10961|136564
10961|136675
10961|119848
10961|136681
10961|85652
10961|138326
10961|137855
10961|138459
10961|136544
10961|11537
10961|136866
10961|121271
10961|136660
10961|136626
10961|136960
10961|137753
10961|136580
10961|120751
10961|136668
10961|127114
10961|138441
10961|121063
10961|136453
10961|136451
10961|136573
10961|136567
10961|136749
10961|137627
10961|136680
10961|24680
10961|61447
10961|138300
10961|122348
10961|136472
10961|136581
10961|107403
10961|136885
10961|136502
10961|136450
10961|136880
10961|138421
10961|136456
10961|136892
10961|52508
10961|137151
10961|118759
10961|109842
10961|43248
10961|137491
10961|120702
10961|138330
10961|136547
10961|137814
10961|12226
10961|136836
10961|136965
10961|15054
10961|84135
10961|113519
10961|15537
10961|136620
10961|136459
10961|136563
10961|135373
10961|118188
10961|136830
10961|136795
10961|136511
10961|52671
10961|138102
10961|138098
10961|15029
10961|137446
10961|137476
10961|111152
10961|136452
10961|137149
10961|118739
10961|86604
10961|105444
10961|119178
10961|120510
10961|26206
10961|137990
10961|120710
10961|136446
10961|118838
10962|137815
10962|136966
10962|136508
10962|137403
10962|126693
10962|136496
10962|10297
10962|137404
10962|137000
10962|89810
10963|132055
10963|137542
10963|36554
10963|81204
10963|30592
10963|120766
10963|26680
10963|126693
10963|138043
10963|17308
10963|138063
10963|96293
10963|77627
10963|138244
10963|138040
10963|137181
10963|137554
10963|136656
10963|138147
10963|116716
10963|11355
10963|31429
10963|138550
10963|137541
10963|66618
10963|138065
10963|138240
10963|106226
10963|137546
10963|138486
10963|13880
10963|136485
10963|137977
10963|137607
10963|89810
10963|30926
10963|136477
10963|138036
10963|89006
10963|88969
10964|136785
10964|136845
10964|137006
10964|136769
10964|137672
10964|35762
10964|136725
10964|136658
10964|137598
10964|15024
10964|136454
10964|137402
10964|136562
10964|119838
10964|137653
10965|29465
10965|136408
10965|136427
10965|124230
10965|89810
10965|137042
10965|72676
10965|11005
10965|137571
10965|11280
10965|136316
10965|27749
10965|137491
10965|13880
10965|137140
10966|25023
10966|136845
10966|10158
10966|11280
10966|11005
10966|136316
10966|119876
10966|72676
10966|10297
10966|12869
10966|109474
10966|136408
10967|136899
10967|92089
10967|65688
10968|137906
10968|136967
10968|25776
10968|16267
10968|66618
10968|98305
10968|73777
10968|136827
10969|138254
10969|136512
10969|138239
10969|25829
10969|136464
10969|32544
10969|136522
10969|136710
10969|66618
10969|136666
10969|136896
10969|138237
10969|63533
10969|10404
10969|136700
10969|136644
10969|136807
10969|137717
10969|72676
10969|81204
10969|124776
10970|12313
10970|137032
10970|137144
10970|137046
10970|32544
10970|89810
10970|137401
10970|136671
10970|137736
10970|138034
10970|137327
10970|136211
10970|137058
10970|118170
10970|136507
10970|138057
10970|136819
10970|137413
10970|137740
10970|137223
10970|81204
10970|136905
10970|136778
10970|137086
10970|124776
10970|138182
10970|121271
10970|137508
10970|136464
10970|84894
10970|136806
10970|137051
10970|138529
10970|138178
10970|137216
10970|119674
10970|138209
10970|133094
10970|137997
10970|138041
10970|138173
10970|110967
10970|137228
10970|137171
10970|137059
10970|136672
10970|138533
10970|138177
10970|136904
10970|138035
10970|124092
10970|137322
10970|27749
10970|110102
10970|138053
10970|136571
10970|138205
10970|138150
10970|10297
10970|137025
10970|94786
10970|137594
10970|136810
10970|136499
10970|137481
10970|136867
10970|136677
10970|136907
10970|136496
10970|137332
10970|136693
10970|138032
10970|137048
10970|11355
10970|138191
10970|137163
10970|137340
10970|134295
10970|137212
10970|138014
10970|137164
10970|138031
10970|136966
10970|137715
10970|78015
10970|138176
10970|137367
10970|114021
10970|137182
10970|137323
10970|136619
10970|13128
10970|48882
10970|34979
10970|137733
10970|137218
10970|137199
10970|136897
10970|138200
10970|137858
10971|134295
10971|138184
10971|127122
10971|136904
10971|137508
10971|136619
10971|136864
10971|137200
10971|119674
10971|137059
10971|137332
10971|137759
10971|137594
10971|138032
10971|137481
10971|136907
10971|137025
10971|137051
10971|136416
10971|138031
10971|137216
10971|138014
10971|138191
10971|136540
10971|137228
10971|137322
10971|137058
10971|138035
10971|11355
10971|27749
10971|138041
10971|138199
10971|138056
10971|137340
10971|136897
10971|136483
10971|137199
10971|138174
10971|138177
10971|94696
10971|138172
10971|137733
10971|137164
10971|10297
10971|134814
10971|138058
10971|136919
10971|137691
10971|138209
10971|137323
10971|136671
10971|137047
10971|110967
10971|137223
10971|124776
10971|138533
10971|113980
10971|89810
10971|136966
10971|138028
10971|137171
10971|137740
10971|137180
10971|137327
10971|138520
10971|137163
10971|137212
10971|137086
10971|138150
10971|137511
10971|95681
10971|137181
10971|114021
10971|138190
10971|34979
10971|138034
10971|138183
10971|48882
10971|137218
10971|81204
10971|137715
10971|138203
10971|137758
10971|138176
10971|124092
10971|88969
10971|136908
10971|137401
10971|137479
10971|136867
10971|137997
10971|130165
10971|138545
10971|138061
10971|136677
10971|137182
10971|136693
10971|106226
10971|92530
10971|136905
10972|136500
10972|136885
10972|80436
10972|118646
10972|137068
10972|138517
10972|136675
10972|98305
10972|138089
10973|30926
10973|136700
10973|137237
10973|107403
10973|77850
10973|136522
10973|136416
10973|124776
10973|10404
10973|138237
10973|24759
10973|137717
10973|13283
10973|136816
10973|136644
10973|81204
10973|138254
10973|136666
10973|72676
10973|136710
10973|80428
10973|136464
10973|136512
10973|137888
10973|138239
10973|66618
10974|11355
10974|138010
10974|136671
10974|76548
10974|136897
10974|34979
10974|138178
10974|138180
10974|137163
10974|137171
10974|137182
10974|89810
10974|138150
10974|138032
10974|137481
10974|138031
10974|138205
10974|136485
10974|138028
10974|138034
10974|127122
10974|138191
10974|20236
10974|137051
10974|137164
10974|137161
10974|136619
10974|134295
10974|138209
10974|137223
10974|16963
10974|64553
10974|136875
10974|124092
10974|137058
10974|81204
10974|137733
10974|137327
10974|136904
10974|138533
10974|137218
10974|136693
10974|137228
10974|25829
10974|125131
10974|137200
10974|138172
10974|136905
10974|137047
10974|138203
10974|136847
10974|138035
10974|27749
10974|136617
10974|137479
10974|67749
10974|137740
10974|137520
10974|136908
10974|106226
10974|137025
10974|137511
10974|138014
10974|138058
10974|138545
10974|136810
10974|136919
10974|137199
10974|138061
10974|137508
10974|137059
10974|137086
10974|137198
10974|138053
10974|138041
10974|110967
10974|136966
10974|137180
10974|137323
10974|124776
10974|48882
10974|134814
10974|138183
10974|15029
10974|137997
10974|66618
10974|137322
10974|137212
10974|20639
10974|136540
10974|138057
10974|119674
10974|136867
10974|136689
10974|136907
10974|32544
10974|137069
10974|138092
10974|137340
10974|138199
10975|66618
10975|48035
10975|138093
10975|120125
10975|136502
10975|136594
10975|137841
10975|136825
10975|137843
10975|98305
10975|73777
10975|137897
10976|89810
10976|124776
10976|136619
10976|137327
10976|90686
10976|138199
10976|48882
10976|138057
10976|136908
10976|137163
10976|137322
10976|106226
10976|138032
10976|138191
10976|136651
10976|137508
10976|136693
10976|110967
10976|138150
10976|137218
10976|94696
10976|138200
10976|137086
10976|137924
10976|137997
10976|137161
10976|137058
10976|137051
10976|136905
10976|137715
10976|137733
10976|136867
10976|119674
10976|137323
10976|138058
10976|137025
10976|137759
10976|136677
10976|114021
10976|137223
10976|137199
10976|134295
10976|136839
10976|137479
10976|138533
10976|40717
10976|137059
10976|137198
10976|27749
10976|124092
10976|137200
10976|137228
10976|138209
10976|92530
10976|137511
10976|138051
10976|136907
10976|137182
10976|137036
10976|88969
10976|136897
10976|137216
10976|32544
10976|138444
10976|138035
10976|136875
10976|137340
10976|30240
10976|136671
10976|138061
10976|138205
10976|138028
10976|57506
10976|138031
10976|137164
10976|137302
10976|134814
10976|81204
10976|137047
10976|137740
10976|11355
10976|34979
10976|77275
10976|137672
10976|138034
10976|137481
10976|136919
10976|64553
10976|138545
10976|138203
10976|138190
10976|18544
10976|138041
10976|136859
10976|138053
10976|136904
10976|76548
10977|137594
10977|138537
10977|137058
10977|137759
10977|34979
10977|134814
10977|137715
10977|136897
10977|137216
10977|137030
10977|138172
10977|137037
10977|136905
10977|138189
10977|106226
10977|137340
10977|138150
10977|137733
10977|137481
10977|138200
10977|136677
10977|138031
10977|137218
10977|137051
10977|137034
10977|136966
10977|137163
10977|127122
10977|136671
10977|137223
10977|137322
10977|138028
10977|119674
10977|110967
10977|76548
10977|138034
10977|136619
10977|20639
10977|136919
10977|64553
10977|138061
10977|137171
10977|136693
10977|125131
10977|137182
10977|27749
10977|138057
10977|48882
10977|81204
10977|84894
10977|137181
10977|136904
10977|114021
10977|124776
10977|136043
10977|137511
10977|138035
10977|137047
10977|137323
10977|137161
10977|137402
10977|138203
10977|138545
10977|137997
10977|137212
10977|137895
10977|89810
10977|138176
10977|138032
10977|136907
10977|137025
10977|138058
10977|137479
10977|137032
10977|137200
10977|94696
10977|138199
10977|136885
10977|138191
10977|136540
10977|134295
10977|136875
10977|124092
10977|94786
10977|138053
10977|13024
10977|137036
10977|138533
10977|138041
10977|137048
10977|138183
10977|12313
10977|137508
10977|137740
10977|138209
10977|133811
10977|137164
10977|137327
10977|136908
10977|137059
10978|60595
10978|119632
10978|138414
10978|137348
10978|136638
10979|138057
10979|137036
10979|137362
10979|136875
10979|136810
10979|136693
10979|136905
10979|94696
10979|137228
10979|137108
10979|137223
10979|136806
10979|121271
10979|137508
10979|137594
10979|138533
10979|137511
10979|138031
10979|138291
10979|110102
10979|138537
10979|127122
10979|135904
10979|138010
10979|124776
10979|136671
10979|137977
10979|138150
10979|64553
10979|137200
10979|138200
10979|138036
10979|90686
10979|136825
10979|137323
10979|138028
10979|36424
10979|136540
10979|137051
10979|137481
10979|137199
10979|13024
10979|138545
10979|137212
10979|137401
10979|137030
10979|92530
10979|137740
10979|12313
10979|138162
10979|137318
10979|137025
10979|137161
10979|136867
10979|138058
10979|138199
10979|137069
10979|137997
10979|136619
10979|136966
10979|138205
10979|137059
10979|138041
10979|138172
10979|138032
10979|138190
10979|137058
10979|138061
10979|124092
10979|137037
10979|76154
10979|76548
10979|30926
10979|81204
10979|134295
10979|136485
10979|137163
10979|106226
10979|138203
10979|137888
10979|137164
10979|136907
10979|114021
10979|136897
10979|137715
10979|34979
10979|27749
10979|138177
10979|138209
10979|138035
10979|136908
10979|95681
10979|128579
10979|11355
10979|137047
10979|137181
10979|137759
10979|138178
10979|137218
10979|118070
10980|136521
10980|118759
10980|60595
10980|11638
10981|138200
10981|138190
10981|136867
10981|137212
10981|137997
10981|138533
10981|137198
10981|137182
10981|137479
10981|138061
10981|136905
10981|124776
10981|110967
10981|138034
10981|81373
10981|138053
10981|136677
10981|134295
10981|133811
10981|137058
10981|136919
10981|92530
10981|136908
10981|138041
10981|137171
10981|94786
10981|138545
10981|137322
10981|138203
10981|138150
10981|137258
10981|96652
10981|137059
10981|119674
10981|18544
10981|137161
10981|137481
10981|137047
10981|137715
10981|64553
10981|138529
10981|81204
10981|138191
10981|138035
10981|137163
10981|136619
10981|137847
10981|138199
10981|138058
10981|48882
10981|89810
10981|137323
10981|137199
10981|137181
10981|136693
10981|124092
10981|136897
10981|137223
10981|137216
10981|114021
10981|137218
10981|34979
10981|137508
10981|137025
10981|137511
10981|137164
10981|137740
10981|137759
10981|136671
10981|136907
10981|138209
10981|137340
10981|137228
10981|136875
10981|137051
10981|137200
10981|138057
10981|138032
10981|11355
10981|137733
10981|138031
10981|138028
10981|20639
10981|136904
10981|137327
10981|106226
10982|136635
10982|136615
10982|11638
10982|136901
10982|119990
10982|137500
10982|60595
10982|135225
10982|118692
10982|119632
10983|137226
10983|136875
10983|136754
10983|137199
10983|137758
10983|138173
10983|137171
10983|11355
10983|137218
10983|137216
10983|138061
10983|138291
10983|88969
10983|138150
10983|138034
10983|137182
10983|138209
10983|34979
10983|137479
10983|137058
10983|136905
10983|137322
10983|138191
10983|137228
10983|137163
10983|137180
10983|118742
10983|137481
10983|137318
10983|137511
10983|138032
10983|136907
10983|118733
10983|136867
10983|136693
10983|138028
10983|137223
10983|94696
10983|136897
10983|137161
10983|138162
10983|114021
10983|138533
10983|125131
10983|138057
10983|137508
10983|137759
10983|64553
10983|124776
10983|137051
10983|138182
10983|138200
10983|137323
10983|106226
10983|136671
10983|136908
10983|48882
10983|92530
10983|136904
10983|119674
10983|110102
10983|138176
10983|136619
10983|81204
10983|136919
10983|138545
10983|138031
10983|25829
10983|110967
10983|137594
10983|137715
10983|136677
10983|137047
10983|138190
10983|137164
10983|138014
10983|89810
10983|138053
10983|124092
10983|137200
10983|137740
10983|138199
10983|138010
10983|137327
10983|138203
10983|137030
10983|137086
10983|36424
10983|137997
10983|137340
10983|137048
10983|138178
10983|137059
10983|76548
10983|136445
10983|138035
10983|138041
10983|138058
10983|137037
10983|134295
10984|138022
10984|88914
10984|136719
10984|136645
10984|136647
10984|60595
10985|120870
10985|48882
10985|138074
10985|137290
10985|137721
10985|136834
10985|138321
10985|118815
10985|136456
10985|25023
10985|62848
10985|73777
10985|48035
10985|37680
10985|119990
10985|136656
10985|16267
10985|136408
10985|136541
10985|23292
10985|34976
10985|113519
10986|138036
10986|136966
10986|113066
10986|89810
10986|136588
10986|136666
10986|136464
10986|138254
10986|10404
10986|137717
10986|81204
10986|138237
10986|66618
10986|136700
10986|12997
10986|124776
10986|136512
10986|138239
10986|63533
10986|10341
10986|136710
10986|136644
10986|138267
10986|136522
10987|138237
10987|136522
10987|30926
10987|136666
10987|10404
10987|135457
10987|136043
10987|35007
10987|138036
10987|138254
10987|136512
10987|90422
10987|63533
10987|133094
10987|124776
10987|32544
10987|136925
10987|138239
10987|136644
10987|77850
10987|137717
10987|136710
10987|89810
10987|81204
10987|136700
10987|113066
10987|72676
10987|136464
10987|36554
10987|138460
10987|136896
10988|136619
10988|136482
10988|63533
10988|124776
10988|136211
10988|136522
10988|25776
10988|13283
10988|137226
10988|136700
10988|81204
10988|10404
10988|13024
10988|136710
10988|136666
10988|72820
10988|138254
10988|137717
10988|72676
10988|31304
10988|138237
10988|10341
10988|66618
10988|25829
10988|108081
10988|136464
10988|137858
10988|138239
10988|138036
10988|136671
10988|136644
10988|136512
10989|137222
10989|119923
10989|136316
10989|118944
10989|137710
10989|118558
10989|137580
10989|137962
10989|37511
10990|77089
10990|137691
10990|136316
10990|137963
10990|114272
10990|72254
10990|93868
10990|118911
10990|138427
10990|136964
10990|138443
10990|40267
10990|28093
10990|137580
10990|79143
10990|120736
10990|76456
10990|137656
10990|15537
10990|97636
10990|137921
10990|136637
10990|137866
10990|136758
10990|137537
10990|118558
10990|138478
10990|80287
10990|137556
10990|118532
10990|136819
10990|118860
10990|65949
10990|120060
10990|136546
10990|40770
10990|138436
10990|118791
10990|137962
10990|136407
10990|137630
10990|137308
10990|138471
10990|137872
10990|74831
10991|73777
10991|136553
10991|119883
10991|137000
10991|136668
10991|119614
10991|77711
10991|25776
10991|136574
10991|136608
10991|136478
10991|136880
10991|24061
10991|136835
10992|10297
10992|137425
10992|138546
10992|137235
10992|137385
10992|137219
10992|136873
10992|89874
10992|109474
10992|136767
10992|138542
10992|136647
10992|136491
10992|137470
10992|138520
10992|137548
10992|107403
10992|81204
10992|35007
10992|48882
10992|136619
10992|137452
10992|136630
10992|30926
10992|137768
10992|136497
10992|25776
10992|136652
10992|136825
10992|116619
10992|137381
10992|137450
10992|136566
10992|90422
10992|31339
10992|137411
10992|137384
10992|119618
10992|136432
10992|136799
10992|136720
10992|30710
10992|137913
10992|20228
10992|137590
10992|137031
10992|136587
10992|25829
10992|137351
10992|138012
10992|137367
10992|89810
10992|136719
10992|136577
10992|136839
10992|128267
10992|136906
10992|136624
10992|137388
10992|136722
10992|136645
10992|136500
10992|125789
10993|136630
10993|136799
10993|138012
10993|136722
10993|61868
10993|136906
10993|48882
10993|137235
10993|90422
10993|128267
10993|137031
10993|137450
10993|35007
10993|138520
10993|137470
10993|137452
10993|136624
10993|136652
10993|137548
10993|96947
10993|137381
10993|107403
10993|137388
10993|137768
10993|137385
10993|137425
10993|138542
10993|109474
10993|137351
10993|136651
10993|137367
10993|136566
10993|136885
10993|136577
10993|81204
10993|137219
10993|136645
10993|136719
10993|136497
10993|137411
10993|94871
10993|136647
10993|30926
10993|136432
10993|136619
10993|138546
10993|137913
10993|136316
10993|116619
10993|136767
10993|136491
10993|136436
10993|136500
10993|10297
10993|136720
10993|137384
10993|136966
10994|137491
10994|120060
10994|134952
10995|136427
10995|134952
10995|11940
10995|119786
10996|90731
10996|120250
10996|132055
10996|138405
10996|134952
10996|61623
10996|136177
10996|118742
10996|136884
10997|138405
10997|21528
10997|130413
10997|136481
10997|136427
10997|118961
10997|138468
10997|136665
10998|136841
10998|136481
10999|138151
10999|21528
10999|117953
10999|136480
10999|136481
10999|119666
11000|118646
11000|65293
11000|121863
11000|136480
11001|137514
11001|120910
11001|129233
11001|118917
11001|136896
11001|136482
11001|33995
11001|138025
11001|72676
11001|115266
11001|116558
11001|136584
11001|138149
11001|66618
11001|13024
11001|25776
11001|137484
11001|137490
11001|25424
11001|138196
11001|137445
11001|72237
11002|137484
11002|136896
11002|129233
11002|137242
11002|25776
11002|13551
11002|136757
11002|25424
11002|138411
11002|137490
11002|138196
11002|136177
11002|72237
11002|66618
11002|136482
11002|120766
11002|137514
11003|136631
11003|115637
11003|137281
11003|41231
11003|10472
11003|136483
11003|124638
11003|119703
11003|137275
11003|22396
11003|136765
11004|126795
11004|136731
11004|120032
11004|115637
11004|138009
11004|136483
11004|136628
11004|106226
11004|137282
11005|107904
11005|120619
11005|136927
11006|138138
11006|118359
11006|136506
11006|61271
11006|138093
11006|48035
11006|26206
11006|136552
11006|136509
11006|93503
11006|25820
11006|11654
11006|30377
11007|136885
11007|138123
11007|10297
11007|136506
11007|138303
11007|136555
11007|137290
11008|136675
11008|136506
11008|136569
11008|136866
11008|10297
11008|12488
11008|24680
11009|119807
11009|11654
11009|136373
11009|137792
11009|108150
11009|138138
11009|10553
11009|30377
11009|136569
11009|136608
11009|136506
11010|26618
11010|136555
11010|16704
11010|124638
11010|135225
11010|44356
11010|22396
11010|15877
11010|27327
11010|14899
11010|32239
11010|28752
11010|11671
11010|11461
11010|132055
11010|137272
11011|136509
11011|137373
11011|91735
11011|136732
11011|137260
11011|125131
11011|137360
11011|119603
11011|136769
11012|137713
11012|95688
11012|137898
11012|136656
11012|137236
11012|136621
11012|137382
11012|137258
11012|119398
11012|136792
11012|65688
11012|135815
11012|137856
11012|136510
11012|136847
11012|138000
11013|116620
11013|120751
11013|137814
11013|136583
11013|137421
11013|136588
11013|136788
11013|30926
11013|136551
11013|136316
11013|136695
11013|11355
11013|136547
11013|136446
11013|136629
11013|67434
11013|120710
11013|136602
11013|136539
11013|136542
11013|116958
11013|136559
11013|136528
11013|136825
11013|136580
11013|136526
11013|136620
11013|113519
11013|136768
11013|137151
11013|136601
11013|118188
11013|128267
11013|120295
11013|136606
11013|136525
11013|120125
11013|13024
11013|137227
11013|136553
11013|61868
11013|136538
11013|136753
11013|127122
11013|61447
11013|136859
11013|43248
11013|136527
11013|136794
11013|63533
11013|94696
11013|31304
11013|12226
11013|92368
11013|136533
11013|136668
11013|120619
11013|122348
11013|22586
11013|136563
11013|10553
11013|136554
11013|136876
11013|126693
11013|136581
11013|107403
11013|123733
11013|136610
11013|137397
11013|120515
11013|136686
11013|136960
11013|136923
11013|120702
11013|135373
11013|137079
11014|135933
11014|119169
11014|136851
11014|137520
11014|10107
11014|136987
11014|65293
11014|136665
11015|112055
11015|75879
11015|25023
11015|138091
11015|22396
11015|75873
11015|137358
11015|11638
11015|114272
11015|37511
11015|25393
11015|10023
11015|119101
11015|32977
11015|137588
11015|118898
11015|138081
11015|10343
11015|26743
11015|19436
11015|26744
11015|138100
11015|119609
11015|136815
11015|137618
11015|138083
11016|136964
11016|10297
11016|12869
11016|118977
11016|137293
11016|56785
11016|40362
11016|72676
11016|136642
11016|11280
11016|16963
11017|107904
11017|136843
11017|136641
11017|113066
11017|136873
11017|20228
11017|137362
11017|32544
11017|121002
11017|136661
11017|136857
11017|25240
11017|137690
11017|19526
11017|20236
11017|80428
11017|118849
11017|30240
11017|137226
11017|31429
11017|119029
11017|136864
11017|136432
11017|10297
11017|118170
11017|137227
11017|137944
11017|119876
11018|11638
11018|138414
11018|136811
11018|24061
11018|136607
11018|136681
11018|13152
11018|130413
11019|137381
11019|138542
11019|137384
11020|111152
11020|136614
11020|120712
11020|35864
11020|23996
11020|138230
11020|120515
11020|136695
11020|136795
11020|123733
11020|119854
11020|37960
11020|35762
11020|138459
11020|136626
11020|15537
11020|136660
11020|136635
11020|52671
11020|136583
11020|122348
11020|137461
11020|136788
11020|136564
11020|120700
11020|136892
11020|19882
11020|85652
11020|137753
11020|121175
11020|137632
11020|120751
11020|136610
11020|121271
11020|136803
11020|136580
11020|136511
11020|136706
11020|136959
11020|15024
11020|67434
11020|75870
11020|136459
11020|136965
11020|136556
11020|35170
11020|61065
11020|121168
11020|116958
11020|136581
11020|136456
11020|84135
11020|136567
11020|137157
11020|15054
11020|137446
11020|136554
11020|43248
11020|105444
11020|137422
11020|136547
11020|136446
11020|37680
11020|128911
11020|136836
11020|136845
11020|136568
11020|16973
11020|82091
11020|136573
11020|138441
11020|121080
11020|136543
11020|15029
11020|109842
11020|10107
11020|118188
11020|136544
11020|109777
11020|136949
11020|136960
11020|136502
11020|36481
11020|137149
11020|136749
11020|138300
11020|138421
11020|120699
11020|120723
11020|107403
11020|136551
11020|135373
11020|12226
11020|15051
11020|136746
11020|61447
11020|122720
11020|137151
11020|113519
11020|121063
11021|136680
11021|136617
11021|137645
11021|136742
11021|30710
11021|119986
11021|120682
11021|120502
11021|136535
11021|119874
11021|136978
11021|136753
11021|137605
11021|137403
11021|120215
11021|138454
11021|137397
11021|138470
11021|135457
11021|121360
11021|137690
11021|137604
11021|137020
11021|137695
11021|137096
11021|119614
11021|55406
11021|120250
11021|120506
11021|119883
11021|137625
11021|137242
11021|136961
11021|120619
11021|119953
11021|119923
11021|137898
11021|138185
11021|136969
11021|120295
11021|136773
11021|136621
11021|136609
11021|120241
11021|137162
11021|138468
11021|138446
11022|137414
11022|136547
11022|136588
11022|136656
11022|10297
11022|113519
11022|136966
11022|137753
11022|121063
11022|136567
11022|119201
11022|136600
11022|136544
11022|136836
11022|137445
11022|137446
11022|12226
11022|121271
11022|61447
11022|137506
11022|120710
11022|136602
11022|120700
11022|11983
11022|136749
11022|137407
11022|136620
11022|120702
11022|138459
11022|136581
11022|137952
11022|119029
11022|137955
11022|137449
11022|51172
11022|107403
11022|137422
11022|136589
11022|67434
11022|50618
11022|137154
11022|136610
11022|43248
11022|136857
11022|57242
11022|138441
11022|136564
11022|136660
11022|77275
11022|136211
11022|23758
11022|137451
11022|137949
11022|135373
11022|122348
11022|138460
11022|136795
11022|136788
11022|136830
11022|136446
11022|15054
11022|137882
11022|25576
11022|138237
11022|138472
11022|136583
11022|120515
11022|138300
11022|85652
11022|51162
11022|136626
11022|136884
11022|136960
11022|136873
11022|120751
11022|136614
11022|137149
11022|136580
11022|109842
11022|52671
11022|138421
11022|137151
11022|57506
11022|136965
11022|127114
11022|137442
11022|123733
11022|116958
11022|111152
11022|52508
11022|137814
11022|136892
11022|118188
11023|136709
11023|136566
11023|67321
11023|119986
11024|136544
11024|113519
11024|136446
11024|137302
11024|136850
11024|138330
11024|136614
11024|12223
11024|137157
11024|120515
11024|120712
11024|136584
11024|15054
11024|136949
11024|137814
11024|11654
11024|136695
11024|57242
11024|137151
11024|61447
11024|120702
11024|118188
11024|120710
11024|107403
11024|35170
11024|122348
11024|136569
11024|136581
11024|15043
11024|137254
11024|36481
11024|127114
11024|136575
11024|138079
11024|25776
11024|52508
11024|31339
11024|136554
11024|136952
11024|120699
11024|136547
11024|136965
11024|123733
11024|120700
11024|15029
11024|120766
11024|136706
11024|136746
11025|137407
11025|30240
11025|137784
11025|114272
11025|119637
11026|136651
11026|136670
11026|136655
11026|136809
11026|136711
11026|119398
11026|136511
11026|137625
11026|136562
11026|45285
11026|136792
11026|136572
11026|109939
11026|35065
11026|137321
11026|136658
11026|136577
11026|119988
11027|118791
11027|136758
11027|137963
11027|137937
11027|137801
11027|136631
11027|137842
11027|136718
11027|137308
11027|136546
11027|137809
11027|137921
11027|137800
11027|93868
11027|137936
11027|138478
11027|137866
11027|28093
11027|118860
11027|120736
11027|137845
11027|118648
11027|137847
11027|137868
11027|40267
11027|58365
11027|137826
11027|118849
11027|137843
11027|72254
11027|136628
11027|130640
11027|118532
11027|137856
11027|137872
11027|137962
11027|137857
11027|138471
11027|137830
11027|138094
11027|136769
11027|136637
11027|136407
11027|121002
11027|65949
11027|136541
11027|137972
11027|137797
11027|77089
11027|74831
11027|137813
11027|138436
11027|118558
11027|137556
11028|107904
11028|137724
11028|134659
11028|136799
11028|123883
11028|77850
11028|136652
11028|137598
11028|80428
11029|63666
11029|136969
11029|136886
11029|136765
11029|28170
11029|138458
11029|33924
11029|136316
11029|120060
11029|138008
11029|77540
11029|56786
11029|137080
11029|137495
11029|117980
11029|137236
11029|21301
11029|136974
11030|22396
11030|10297
11030|136961
11030|137478
11030|137146
11030|119407
11030|118706
11031|137974
11031|136662
11031|136964
11031|137845
11032|136668
11032|136451
11032|136680
11032|136835
11032|113519
11032|136675
11032|136511
11032|136459
11032|136446
11032|22396
11032|24680
11032|84135
11032|124638
11032|136885
11032|136966
11032|136579
11032|10030
11032|10341
11032|137260
11032|86604
11032|52671
11032|137967
11033|137556
11033|138221
11033|58365
11033|138436
11033|114272
11033|136769
11033|136678
11033|65949
11033|120060
11033|118860
11033|118791
11033|137921
11033|118849
11033|118558
11033|28093
11033|93868
11033|118648
11033|118532
11033|138478
11033|72254
11033|137582
11033|60574
11033|77089
11033|136407
11033|137308
11033|137962
11033|137716
11033|120736
11033|77109
11033|137866
11033|137751
11033|74831
11033|40267
11033|138427
11033|137963
11033|136758
11034|137539
11034|118849
11034|136678
11034|40267
11034|65949
11034|77109
11034|74831
11034|93868
11034|137921
11034|137556
11034|137582
11034|137963
11034|137962
11034|118860
11034|136758
11034|138436
11034|120736
11034|114272
11034|136718
11034|118648
11034|137667
11034|118857
11034|60574
11034|28093
11034|15838
11034|137872
11034|138221
11034|118532
11034|136407
11034|120060
11034|58365
11034|138444
11034|137751
11034|118558
11034|137866
11034|77089
11034|138478
11034|118791
11034|138427
11034|137308
11035|137712
11035|118967
11035|105519
11035|67321
11035|35639
11035|28583
11035|118017
11035|120209
11035|28756
11035|136987
11035|117947
11035|119962
11035|29027
11035|36050
11035|137677
11035|137518
11035|120011
11035|34004
11035|137336
11035|63666
11035|117953
11035|120026
11035|117980
11035|20725
11035|110344
11035|28608
11035|137680
11035|19436
11035|35985
11035|138216
11035|118976
11035|117952
11035|136316
11035|120113
11035|84306
11035|117948
11035|29624
11035|137341
11035|118983
11035|121060
11035|119691
11035|120939
11035|120032
11035|120946
11035|30339
11035|30375
11035|107438
11035|137475
11035|137299
11035|118810
11036|137452
11036|137351
11036|137235
11036|137626
11036|90731
11036|137417
11036|137450
11036|137589
11036|137219
11037|137388
11037|137937
11037|137425
11038|138460
11038|136961
11038|65688
11039|137553
11039|137630
11039|118849
11039|137962
11039|137921
11039|118860
11039|138424
11039|60574
11039|40972
11039|137694
11039|137797
11039|118648
11039|137751
11039|138433
11039|137963
11039|22396
11039|118558
11039|137639
11039|77089
11039|40267
11039|65949
11039|136407
11039|137308
11039|138478
11039|118582
11039|120736
11039|10472
11039|136718
11039|118532
11039|137691
11039|138528
11039|136758
11039|137558
11039|137579
11039|138471
11039|137866
11039|138221
11039|137857
11039|114272
11039|118791
11039|137872
11039|28093
11039|137936
11039|58365
11039|137580
11039|74831
11039|138443
11039|138436
11039|93868
11039|15838
11039|137556
11040|138528
11040|114272
11040|137872
11040|137751
11040|77089
11040|138307
11040|65949
11040|74831
11040|137642
11040|137580
11040|137963
11040|138086
11040|28093
11040|137556
11040|138424
11040|118558
11040|93868
11040|136407
11040|136720
11040|137972
11040|137639
11040|138436
11040|120736
11040|138478
11040|138322
11040|118532
11040|137866
11040|12389
11040|137936
11040|137745
11040|58365
11040|138433
11040|138471
11040|34004
11040|118791
11040|118648
11040|22396
11040|137579
11040|118582
11040|118860
11040|137553
11040|137797
11040|137857
11040|60574
11040|72254
11040|137962
11040|137691
11040|136758
11040|136718
11040|137308
11040|138516
11040|137921
11040|10472
11040|40267
11040|138221
11040|137140
11041|137289
11041|138260
11041|136709
11042|136966
11042|136880
11042|81204
11042|37511
11042|136432
11042|10297
11042|20228
11042|36554
11042|77850
11042|118917
11042|13024
11042|52215
11042|120011
11042|136811
11042|25829
11043|136834
11043|136540
11043|22586
11043|138124
11043|36554
11043|10297
11043|136519
11043|81204
11043|10404
11043|57506
11043|137010
11044|136805
11044|25240
11044|137499
11044|13024
11044|81204
11044|137598
11044|136937
11044|137920
11044|25776
11044|71403
11045|116771
11045|20236
11045|94123
11045|79675
11045|137326
11045|81204
11045|12869
11045|136807
11045|136670
11045|137318
11045|10297
11045|13024
11045|90686
11045|25776
11045|119162
11045|137309
11045|10599
11045|90731
11045|136853
11046|136971
11046|137293
11046|137358
11046|137415
11046|10472
11046|136393
11046|22396
11046|24864
11047|137245
11047|137102
11047|40717
11047|136732
11047|137049
11047|93868
11047|137078
11047|137320
11047|28093
11047|77089
11047|137095
11047|137901
11047|74831
11047|138478
11047|137903
11047|137054
11047|137062
11047|137085
11047|137084
11047|137962
11047|137878
11047|137088
11047|137823
11047|137904
11047|137097
11047|137872
11047|138324
11047|65949
11047|137016
11047|137007
11047|137839
11047|136750
11047|136744
11047|137890
11047|137018
11047|136718
11047|137239
11047|137055
11047|58365
11047|137094
11047|40698
11047|137807
11047|137914
11047|136728
11047|137014
11047|137982
11047|138086
11047|137274
11047|137020
11047|118860
11047|136943
11047|137921
11047|138294
11047|138471
11047|137092
11047|118791
11047|136931
11047|136933
11047|136407
11047|136914
11047|137052
11047|137022
11047|137063
11047|137193
11047|136738
11047|136910
11047|72254
11047|137630
11047|136780
11047|137268
11047|137900
11047|137147
11047|137232
11047|137945
11047|137866
11047|137023
11047|137138
11047|136725
11047|137308
11047|118532
11047|136918
11047|137238
11047|136739
11047|137933
11047|137083
11047|87202
11047|136917
11047|136936
11047|137089
11047|137137
11047|137894
11047|136731
11047|137192
11047|138268
11047|137459
11047|137098
11047|137074
11047|138436
11047|40267
11047|137884
11048|137023
11048|137092
11048|40267
11048|136931
11048|137074
11048|137102
11048|137903
11048|74831
11048|137018
11048|137239
11048|137914
11048|137053
11048|137049
11048|136750
11048|137097
11048|90370
11048|77089
11048|137139
11048|97672
11048|136744
11048|137147
11048|138478
11048|137901
11048|136728
11048|137137
11048|136739
11048|137016
11048|137098
11048|137083
11048|136796
11048|136731
11048|137193
11048|137133
11048|137884
11048|87202
11048|137904
11048|137945
11048|72254
11048|137872
11048|137078
11048|137823
11048|65949
11048|137807
11048|137900
11048|136909
11048|136943
11048|58365
11048|137192
11048|137052
11048|137866
11048|137063
11048|137274
11048|138436
11048|136407
11048|138294
11048|136914
11048|136936
11048|137007
11048|111867
11048|128359
11048|137022
11048|137232
11048|28093
11048|118791
11048|137055
11048|120736
11048|93868
11048|137878
11048|136718
11048|136732
11048|137563
11048|137044
11048|137094
11048|136910
11048|138286
11048|137017
11048|137268
11048|118849
11048|137839
11048|137656
11048|137054
11048|137085
11048|136726
11048|137095
11048|137308
11048|137921
11048|137982
11048|137962
11048|138268
11048|118860
11048|137933
11048|137620
11048|137963
11048|137138
11048|136758
11048|136738
11048|137099
11048|22396
11048|137062
11048|137894
11049|32544
11049|76168
11049|137417
11049|136805
11049|43716
11049|25776
11049|22586
11050|136769
11050|137520
11051|138142
11051|136987
11051|137006
11053|137196
11053|136665
11053|137245
11053|136670
11053|40348
11053|117298
11053|138401
11053|124638
11053|138405
11053|136785
11053|138408
11053|137435
11053|124230
11053|137856
11053|137209
11053|136765
11053|138319
11053|138310
11053|138369
11054|136809
11054|137888
11054|136937
11054|136827
11054|137883
11054|137897
11054|134659
11054|137920
11054|136954
11054|137917
11054|138461
11054|133094
11054|136966
11054|136818
11054|136925
11054|138411
11054|128025
11054|137202
11054|136835
11054|136817
11054|136825
11054|115266
11054|136842
11054|136997
11054|136865
11054|136805
11054|137944
11054|138491
11054|136850
11054|136839
11054|136866
11054|138074
11054|136831
11054|138096
11054|137881
11054|137906
11054|136821
11054|136579
11054|138124
11054|137882
11054|137895
11054|137359
11054|136807
11054|136757
11054|137001
11054|136815
11054|136874
11054|137000
11054|136822
11054|123883
11054|137896
11054|137106
11054|137925
11054|136847
11054|136967
11054|136816
11054|137880
11054|137924
11054|136880
11054|98181
11054|136811
11054|107195
11054|138517
11054|24759
11054|137885
11054|136819
11054|138082
11055|136785
11055|74189
11055|116203
11055|138401
11055|138380
11055|35762
11056|136971
11056|136791
11056|136809
11056|137635
11056|137067
11056|137625
11056|137842
11056|118738
11056|113066
11057|137346
11057|76604
11057|76154
11057|79178
11057|76745
11057|76763
11057|136922
11057|137230
11057|136927
11057|87825
11057|135904
11057|136928
11057|75721
11057|76599
11058|135904
11058|137346
11058|136927
11058|136922
11058|136928
11058|76763
11058|76745
11058|76599
11058|76604
11058|87825
11058|80451
11058|137230
11058|76154
11058|136954
11058|79178
11058|76061
11058|75721
11058|136983
11058|137695
11058|20236
11059|137439
11059|136868
11059|136814
11060|137336
11060|136886
11060|136682
11060|137006
11060|136841
11060|137547
11060|137206
11061|136638
11061|137848
11061|136891
11062|76154
11062|76763
11062|136862
11062|136927
11062|75721
11062|76157
11062|80456
11062|76061
11062|136853
11062|136863
11062|76604
11062|32470
11062|136922
11062|76599
11062|136870
11062|76163
11062|20236
11062|80451
11062|78015
11062|136858
11062|79178
11062|135904
11063|117341
11063|67749
11063|136929
11063|136926
11063|24865
11063|12122
11063|137248
11063|24862
11063|137977
11063|24853
11063|136782
11063|120870
11063|136932
11063|27112
11063|10343
11063|27110
11063|24864
11063|35343
11063|25240
11063|11496
11063|36598
11063|137145
11063|136938
11063|136924
11063|137105
11064|120430
11064|120910
11064|130392
11064|36984
11064|48882
11064|136966
11065|13283
11065|76763
11065|76599
11065|136437
11065|120506
11065|137442
11065|137977
11065|76154
11065|76745
11065|10404
11065|80451
11065|76604
11065|80456
11065|136853
11065|137691
11065|135904
11065|136922
11066|28093
11066|56255
11066|58365
11066|118739
11066|137556
11066|74831
11066|137963
11066|138471
11066|136886
11066|137701
11066|137500
11066|137845
11066|137007
11066|118532
11066|118849
11066|137866
11066|137585
11066|137694
11066|138221
11066|138478
11066|65949
11066|118860
11066|137591
11066|138307
11066|93868
11066|137962
11066|137582
11066|137496
11066|77089
11066|137921
11066|137547
11066|136407
11066|136841
11066|40267
11066|72254
11066|137374
11066|118582
11066|137308
11066|137424
11066|136758
11066|120736
11066|138216
11066|137670
11066|118791
11066|137872
11066|120060
11066|40972
11066|137378
11066|137415
11066|138436
11066|136998
11066|137372
11066|137377
11066|120134
11066|136884
11066|137504
11067|122348
11067|136924
11067|123733
11067|120712
11067|120699
11067|120702
11067|80429
11067|137626
11067|137254
11067|136547
11067|136554
11067|113519
11067|118188
11067|111152
11067|137151
11067|61447
11067|93503
11067|136373
11067|137422
11067|77770
11067|136949
11067|11654
11067|136706
11067|120710
11067|120515
11068|137760
11068|137784
11068|120032
11068|137661
11068|137470
11068|137367
11068|22396
11068|118957
11068|137830
11068|137967
11068|138009
11068|136868
11068|137829
11068|36050
11068|136978
11069|137741
11069|137262
11069|125577
11069|137709
11070|137760
11070|137100
11070|137829
11070|137548
11070|138405
11070|137676
11070|136868
11070|27041
11070|137411
11070|136746
11070|138009
11070|137282
11070|138121
11070|137967
11070|137784
11071|136906
11071|138129
11071|136974
11071|125577
11071|136969
11072|137096
11072|136624
11072|137299
11072|28170
11072|125577
11072|137768
11073|10553
11073|136547
11073|13152
11073|10297
11073|23758
11073|137699
11073|121060
11073|138049
11073|136978
11073|26206
11073|138323
11073|128440
11074|120559
11074|136935
11074|121073
11074|40267
11074|137846
11074|28093
11074|117952
11074|121002
11074|137963
11074|119122
11074|138307
11074|137872
11074|137921
11074|136956
11074|22396
11074|137915
11074|35985
11074|13615
11074|138369
11074|138478
11074|137338
11074|118558
11074|40770
11074|137810
11074|137962
11074|119324
11074|138082
11074|137308
11074|77089
11074|120578
11074|72254
11074|13853
11074|137372
11074|118683
11074|114272
11074|22614
11074|58365
11074|51172
11074|138436
11074|138135
11074|138450
11074|118648
11074|137321
11074|137705
11074|137993
11074|137562
11074|118706
11074|136758
11074|136718
11074|118791
11074|138404
11074|24875
11074|137170
11074|137374
11074|137539
11074|132068
11074|138378
11074|118860
11074|137378
11074|116558
11074|82108
11074|137867
11074|93868
11074|118532
11074|136964
11074|65949
11074|40348
11074|137241
11074|137700
11074|137866
11074|137860
11074|60574
11074|118698
11074|138432
11074|70615
11074|138463
11074|136407
11074|74831
11074|120736
11074|138471
11074|138193
11074|136971
11075|137666
11075|81204
11075|94123
11075|137358
11075|10297
11075|11549
11075|23758
11075|25576
11075|136547
11075|136885
11075|10553
11075|119962
11075|25023
11075|119029
11076|138510
11076|137334
11076|137671
11076|47679
11076|119913
11076|123826
11076|93018
11076|22396
11076|36459
11076|71403
11076|116372
11076|137955
11076|29027
11076|137932
11076|35856
11076|136199
11076|14724
11076|137354
11076|137824
11076|137749
11076|124732
11076|137336
11076|138084
11076|137347
11076|137830
11076|138316
11076|107166
11076|137854
11076|137927
11076|137973
11076|31520
11076|137844
11076|57086
11076|134726
11076|137353
11076|137766
11076|137331
11076|97495
11076|44721
11076|124638
11076|137562
11076|138068
11076|124670
11076|27131
11076|137338
11076|19436
11076|39462
11077|19526
11077|119981
11077|119953
11077|61623
11077|129364
11077|136316
11077|137257
11077|137571
11077|118944
11078|138226
11078|137948
11078|29404
11078|24556
11078|138140
11078|119255
11078|32186
11078|29635
11078|138241
11078|119777
11078|90478
11078|137951
11078|119510
11078|29237
11078|119527
11078|23758
11078|25576
11078|138126
11078|137996
11078|137795
11078|137414
11078|137227
11078|137992
11078|137790
11078|119029
11078|138249
11078|119246
11078|24621
11078|138212
11078|119509
11078|26851
11078|138548
11078|10297
11078|138144
11078|29631
11078|137979
11078|138483
11078|32294
11078|24972
11078|57908
11078|138224
11078|137968
11078|24413
11078|137834
11078|137298
11078|137954
11078|24988
11078|137940
11078|24969
11078|27056
11078|138217
11078|138046
11078|136547
11078|138213
11078|138024
11078|137777
11078|29243
11079|137954
11079|29237
11079|137795
11079|137996
11079|119255
11079|26851
11079|137979
11079|136432
11079|138144
11079|57908
11079|137414
11079|32186
11079|24556
11079|29404
11079|138483
11079|119527
11079|29635
11079|138213
11079|138212
11079|27056
11079|138024
11079|119029
11079|32294
11079|25576
11079|138217
11079|137790
11079|138548
11079|119777
11079|29243
11079|137992
11079|137948
11079|138126
11079|137968
11079|138046
11079|138140
11079|136547
11079|119509
11079|24413
11079|138241
11079|24621
11079|137940
11079|138226
11079|23758
11079|10297
11079|24988
11079|138249
11079|119510
11079|29631
11079|137951
11079|137777
11079|138224
11079|24969
11079|119246
11079|24972
11079|90478
11080|118738
11080|136709
11080|137289
11080|137683
11080|136902
11081|137459
11081|137962
11081|137014
11081|137098
11081|136732
11081|136718
11081|137890
11081|136918
11081|137095
11081|137901
11081|137839
11081|137083
11081|136739
11081|72254
11081|137823
11081|137062
11081|137137
11081|137807
11081|137147
11081|137088
11081|137900
11081|136750
11081|137945
11081|136910
11081|138436
11081|136738
11081|137982
11081|137092
11081|111867
11081|137017
11081|137933
11081|137872
11081|137232
11081|65949
11081|137878
11081|137308
11081|137884
11081|136728
11081|137097
11081|136917
11081|136936
11081|136914
11081|137963
11081|137089
11081|137620
11081|137016
11081|137563
11081|137133
11081|137052
11081|137247
11081|137023
11081|136407
11081|138294
11081|137192
11081|136933
11081|118791
11081|137139
11081|28093
11081|137099
11081|137866
11081|137894
11081|137921
11081|136909
11081|137193
11081|137044
11081|27864
11081|137904
11081|137084
11081|137102
11081|137691
11081|137018
11081|40267
11081|137054
11081|137268
11081|137094
11081|77089
11081|136758
11081|138221
11081|137074
11081|138471
11081|118860
11081|137063
11081|136931
11081|137055
11081|137022
11081|74831
11081|137138
11081|137238
11081|128359
11081|93868
11081|118849
11081|136744
11081|137049
11081|137078
11081|136943
11081|136726
11081|137085
11081|138286
11081|137903
11081|136780
11082|72756
11082|137952
11082|90673
11082|137889
11082|25813
11082|35065
11082|118636
11082|120365
11082|137077
11082|82834
11082|137812
11082|137513
11082|92417
11082|137385
11083|137520
11083|137513
11083|138322
11083|137812
11083|80428
11083|120365
11083|137889
11083|137031
11083|90673
11083|116558
11083|72756
11083|82834
11083|137077
11083|118636
11084|119953
11084|138324
11084|137880
11084|22586
11084|138388
11084|58004
11085|20236
11085|136865
11085|22586
11086|137442
11086|136437
11086|137621
11086|137209
11086|138112
11086|137895
11086|32544
11086|137067
11086|136934
11087|138549
11087|21301
11087|138380
11087|137709
11087|121411
11087|137833
11087|137080
11087|136986
11087|137713
11087|136796
11087|138129
11087|137152
11087|131931
11087|136980
11087|137478
11087|91025
11087|23358
11087|136974
11087|109793
11087|138399
11088|37511
11088|137772
11088|22346
11089|137475
11089|106226
11089|20725
11089|137681
11089|138005
11089|137378
11089|81204
11089|44721
11090|118648
11090|93868
11090|138436
11090|137963
11090|118532
11090|107756
11090|72254
11090|118860
11090|138305
11090|138277
11090|138478
11090|137921
11090|138471
11090|74831
11090|137317
11090|137962
11090|77089
11090|137937
11090|136407
11090|118849
11090|40267
11090|137866
11090|136718
11090|118791
11090|137872
11090|65949
11090|64772
11090|137308
11090|118558
11090|137560
11090|58365
11090|87064
11090|136758
11090|120736
11090|28093
11090|83431
11091|29027
11091|137868
11091|118967
11091|137533
11091|137006
11092|138168
11092|129364
11092|120113
11092|117980
11092|137299
11092|136986
11092|117953
11092|21528
11092|138461
11092|137204
11093|43716
11093|10472
11093|137291
11093|137893
11093|137928
11093|137010
11094|136895
11094|119923
11094|137096
11094|137027
11094|137204
11095|118818
11095|137565
11095|118597
11095|137184
11095|108456
11095|118829
11095|118592
11095|118812
11095|14724
11095|118832
11095|118601
11095|138005
11095|47435
11095|118600
11095|77622
11095|118605
11095|137932
11095|10472
11095|118797
11095|118598
11095|137168
11095|22396
11095|44721
11095|118584
11095|118809
11095|137043
11095|137502
11095|118861
11095|137708
11095|118827
11095|138002
11095|137056
11095|137680
11095|118814
11095|28583
11096|118597
11096|118797
11096|118818
11096|118601
11096|118829
11096|118814
11096|47435
11096|118832
11096|118983
11096|118592
11096|36050
11096|137502
11096|137676
11096|108456
11096|138002
11096|77622
11096|118812
11096|137168
11096|118605
11096|137184
11096|118584
11096|137708
11096|137056
11096|137043
11096|118861
11096|137565
11096|34004
11096|118598
11096|118600
11096|118827
11096|118819
11096|118809
11097|118597
11097|118601
11097|118600
11097|20725
11097|118592
11097|118797
11097|137502
11097|118605
11097|77622
11097|118809
11097|119609
11097|137168
11097|118598
11097|108456
11097|118827
11097|137565
11097|118829
11097|22396
11097|137043
11097|35985
11097|118819
11097|118812
11097|118818
11097|118814
11097|118584
11097|137184
11097|118861
11097|118832
11097|137708
11097|137056
11097|47435
11098|138471
11098|137568
11098|138221
11098|138516
11098|76456
11098|138478
11098|138305
11098|120736
11098|118791
11098|60574
11098|136407
11098|40267
11098|75801
11098|137296
11098|72254
11098|74831
11098|137560
11098|138436
11098|137872
11098|118532
11098|137691
11098|137308
11098|137826
11098|136718
11098|137866
11098|138086
11098|56255
11098|118558
11098|76691
11098|136758
11098|137963
11098|77089
11098|137690
11098|118860
11098|65949
11098|137066
11098|137751
11098|118648
11098|118849
11098|137921
11098|80287
11098|79143
11098|28093
11098|137841
11098|137556
11098|138528
11098|97636
11098|93868
11098|58365
11099|137174
11099|137249
11099|119222
11099|25834
11099|10118
11099|29243
11099|24354
11099|119430
11099|10643
11099|130165
11100|137174
11100|24354
11100|119430
11100|130165
11100|97096
11100|10643
11100|10118
11100|137296
11101|10076
11101|118697
11101|138397
11101|138280
11101|138359
11101|138283
11101|21301
11101|138143
11101|138064
11101|138127
11101|138134
11101|137667
11101|136986
11101|138130
11101|81095
11101|138473
11101|138332
11101|23358
11101|137100
11101|137677
11101|138102
11102|16456
11102|137993
11102|137637
11102|118849
11102|137963
11102|121073
11102|136407
11102|22654
11102|22614
11102|138086
11102|137241
11102|12389
11102|40348
11102|40163
11102|136758
11102|118683
11102|137867
11102|136935
11102|121002
11102|24875
11102|118532
11102|40267
11102|28093
11102|118791
11102|119324
11102|137810
11102|137321
11102|118648
11102|137580
11102|138478
11102|137866
11102|138450
11102|137308
11102|137358
11102|58365
11102|65949
11102|72254
11102|118860
11102|137962
11102|138078
11102|25881
11102|138521
11102|40280
11102|137846
11102|70615
11102|137140
11102|138161
11102|93868
11102|40770
11102|138404
11102|138463
11102|74831
11102|13024
11102|16286
11102|120578
11102|137860
11102|138094
11102|138436
11102|138135
11102|118706
11102|137700
11102|137972
11102|118698
11102|90370
11102|83431
11102|115637
11102|37232
11102|138432
11102|137872
11102|77089
11102|25393
11102|120588
11102|120736
11102|137921
11102|114272
11102|137931
11102|137170
11102|48612
11103|137962
11103|93868
11103|137657
11103|137866
11103|137872
11103|137308
11103|136407
11103|136758
11103|137921
11103|35907
11103|40267
11103|118860
11103|137424
11103|138436
11103|74831
11103|58365
11103|44244
11103|65949
11103|138478
11103|118532
11103|120736
11103|137135
11103|118791
11103|97471
11103|118849
11103|28093
11103|92417
11103|77089
11103|137963
11104|138478
11104|118860
11104|137962
11104|120736
11104|138471
11104|44244
11104|118849
11104|28093
11104|136758
11104|97471
11104|35907
11104|138436
11104|77089
11104|118532
11104|72254
11104|137308
11104|93868
11104|138443
11104|137135
11104|40267
11104|74831
11104|136407
11104|137424
11104|136718
11104|138301
11104|137872
11104|137866
11104|65949
11104|137963
11104|137921
11104|118791
11105|136758
11105|118849
11105|137308
11105|74831
11105|138478
11105|77089
11105|58365
11105|118532
11105|137135
11105|28093
11105|137963
11105|118860
11105|137580
11105|138436
11105|118648
11105|137872
11105|137962
11105|137921
11105|136718
11105|44244
11105|120736
11105|118791
11105|136407
11105|93868
11105|65949
11105|97471
11105|137866
11105|40267
11106|137866
11106|44244
11106|137963
11106|138521
11106|56255
11106|118860
11106|93868
11106|137962
11106|137921
11106|97471
11106|118648
11106|138308
11106|137579
11106|137135
11106|120736
11106|114173
11106|74831
11106|137360
11106|118849
11106|137373
11106|137262
11106|118582
11106|138319
11106|118532
11106|118791
11106|77089
11106|65949
11106|136758
11106|138471
11106|136718
11106|136407
11106|58365
11106|137308
11106|40267
11106|28093
11106|137377
11106|138478
11106|138436
11106|35907
11106|137872
11107|118532
11107|40267
11107|65949
11107|118860
11107|137135
11107|137537
11107|136407
11107|138436
11107|44244
11107|136758
11107|77089
11107|97471
11107|28093
11107|137872
11107|120736
11107|58365
11107|138478
11107|137962
11107|93868
11107|74831
11107|137921
11107|137866
11107|136718
11107|137871
11107|118849
11107|118791
11107|137963
11107|137308
11108|137302
11108|137977
11108|137291
11109|68447
11109|137755
11109|119479
11109|138142
11109|136316
11109|119501
11109|119489
11109|137257
11109|23407
11109|119468
11109|119522
11109|137377
11109|138000
11109|119502
11109|119981
11109|119564
11109|119525
11109|119537
11110|119537
11110|119525
11110|119501
11110|119489
11110|119522
11110|119981
11110|119564
11110|119502
11110|30339
11110|23407
11110|119479
11110|68447
11110|119468
11111|136316
11111|119537
11111|119501
11111|119479
11111|28756
11111|119981
11111|119525
11111|137695
11111|23407
11111|119468
11111|137591
11111|119502
11111|119564
11111|68447
11111|119522
11111|10472
11111|124230
11111|119489
11112|36984
11112|136437
11112|137374
11112|137368
11112|61868
11112|110344
11113|138546
11113|138071
11113|28583
11113|137375
11113|137174
11113|35065
11114|118860
11114|137539
11114|127615
11114|77089
11114|65949
11114|93868
11114|60574
11114|137921
11114|138478
11114|74831
11114|136758
11114|118791
11114|138161
11114|137872
11114|118532
11114|58365
11114|72254
11114|137962
11114|138301
11114|118849
11114|40267
11114|136718
11114|137963
11114|138436
11114|120736
11114|118558
11114|97257
11114|28093
11114|42895
11114|137308
11114|118648
11114|136407
11114|137866
11114|137540
11115|118683
11115|138516
11115|72254
11115|119324
11115|137993
11115|136758
11115|60574
11115|58365
11115|137962
11115|40770
11115|40267
11115|77089
11115|118791
11115|28093
11115|118664
11115|136718
11115|138471
11115|118860
11115|137810
11115|118698
11115|138097
11115|137866
11115|138450
11115|137872
11115|40348
11115|138278
11115|138424
11115|138193
11115|132068
11115|114219
11115|40903
11115|137539
11115|118558
11115|118532
11115|137867
11115|118663
11115|137629
11115|137308
11115|138371
11115|118648
11115|138478
11115|137963
11115|137840
11115|120736
11115|137921
11115|136935
11115|93868
11115|137846
11115|65949
11115|137813
11115|137170
11115|70615
11115|138436
11115|74831
11116|65549
11116|137131
11116|65293
11116|137698
11116|136515
11116|65452
11116|19526
11117|137670
11117|137537
11117|137076
11117|120736
11117|118849
11117|13853
11117|137691
11117|138471
11117|137563
11117|65949
11117|137921
11117|137866
11117|58365
11117|118558
11117|77089
11117|74831
11117|138161
11117|60574
11117|137308
11117|136718
11117|138528
11117|138436
11117|28093
11117|118860
11117|137962
11117|40972
11117|72254
11117|42895
11117|138278
11117|118532
11117|93868
11117|137540
11117|137539
11117|97257
11117|40267
11117|118648
11117|118791
11117|138478
11117|127615
11117|84306
11117|137872
11117|137963
11117|136758
11118|136515
11118|137698
11118|65293
11118|65549
11118|137898
11118|65452
11118|137131
11119|93868
11119|136718
11119|42895
11119|138436
11119|120736
11119|118849
11119|137962
11119|137294
11119|137741
11119|136758
11119|136407
11119|72254
11119|137539
11119|97257
11119|118558
11119|107393
11119|137540
11119|118532
11119|137921
11119|65949
11119|118648
11119|121414
11119|137866
11119|118860
11119|137308
11119|60574
11119|58365
11119|138478
11119|118791
11119|138470
11119|137963
11119|138161
11119|74831
11119|137642
11119|138471
11119|40267
11119|137872
11119|28093
11119|77089
11119|60727
11120|118532
11120|137962
11120|65949
11120|93868
11120|137308
11120|136407
11120|138471
11120|137921
11120|13853
11120|137629
11120|127615
11120|118860
11120|138161
11120|137569
11120|137872
11120|118849
11120|97257
11120|120736
11120|42895
11120|118648
11120|74831
11120|138436
11120|40267
11120|137539
11120|58365
11120|118791
11120|138478
11120|28093
11120|136718
11120|72254
11120|60574
11120|118558
11120|136758
11120|77089
11120|137866
11120|137963
11121|77089
11121|28093
11121|138521
11121|137308
11121|137563
11121|118648
11121|136718
11121|90370
11121|137921
11121|97257
11121|42895
11121|137866
11121|136407
11121|137872
11121|72254
11121|120736
11121|40972
11121|60574
11121|138436
11121|137539
11121|118791
11121|127615
11121|118558
11121|93868
11121|40267
11121|137962
11121|136758
11121|118532
11121|137963
11121|118849
11121|118860
11121|138478
11121|138161
11121|58365
11121|137560
11121|96652
11121|74831
11121|120134
11122|53597
11122|137604
11123|110344
11123|119786
11123|137765
11123|119186
11123|137848
11123|137871
11123|30339
11123|136986
11123|138049
11123|62254
11123|137863
11123|138050
11123|138399
11123|137822
11123|137834
11123|137835
11123|137885
11123|138168
11123|137838
11123|137841
11123|96899
11124|137454
11124|137458
11124|137519
11124|136678
11124|137522
11124|137262
11124|121874
11124|137416
11124|138437
11124|137438
11124|137521
11124|137505
11124|119786
11124|85883
11124|137430
11124|137320
11124|137398
11124|80832
11124|127066
11124|137455
11124|121411
11124|137249
11125|137181
11125|76061
11127|72615
11127|136432
11127|92530
11127|81204
11127|20059
11128|137834
11128|137838
11128|92417
11128|138446
11129|22396
11129|136881
11129|137569
11130|137533
11130|137255
11130|104934
11131|137255
11131|137343
11131|137204
11132|137581
11132|138513
11132|137538
11132|20586
11132|62126
11132|12535
11132|32034
11132|138247
11132|137584
11132|137529
11132|79369
11132|77921
11132|68950
11132|138504
11132|79378
11132|138527
11132|138497
11132|79167
11132|138272
11132|137530
11132|138539
11132|138195
11132|22539
11132|138518
11132|79375
11132|137721
11132|30375
11132|25512
11132|138522
11132|137551
11132|79720
11132|138515
11132|79185
11132|79376
11132|138487
11132|138204
11132|137775
11132|76083
11132|138501
11132|138498
11132|79193
11132|137772
11132|137564
11132|138509
11132|79724
11132|137770
11132|137550
11132|137523
11132|137881
11132|94818
11132|18492
11132|138506
11132|79366
11132|78828
11132|137552
11132|138496
11132|137310
11132|137566
11132|137588
11132|138027
11132|137783
11132|137561
11132|138488
11132|138194
11132|138033
11132|137398
11132|137428
11132|79689
11132|120790
11132|137559
11132|137534
11132|137771
11132|137567
11132|138519
11133|138519
11133|137538
11133|137581
11133|68950
11133|138504
11133|138498
11133|138272
11133|62126
11133|94818
11133|137588
11133|137561
11133|137881
11133|137518
11133|137530
11133|138033
11133|76083
11133|138497
11133|137310
11133|12535
11133|32034
11133|137721
11133|79689
11133|18492
11133|137771
11133|138194
11133|138027
11133|79185
11133|137529
11133|137428
11133|137534
11133|138204
11133|137584
11133|138501
11133|137783
11133|137552
11133|137770
11133|137566
11133|137872
11133|138487
11133|75870
11133|35699
11133|79378
11133|138518
11133|77921
11133|79366
11133|137772
11133|79720
11133|138195
11133|20586
11133|25512
11133|138488
11133|78828
11133|138247
11133|137559
11133|120790
11133|118815
11133|79724
11133|132055
11133|79376
11133|137567
11133|79167
11133|138496
11133|138509
11133|138515
11133|137564
11133|137550
11133|138513
11133|137775
11133|138522
11133|137523
11133|79193
11133|138539
11133|22539
11133|137551
11133|138506
11133|79369
11133|138527
11133|79375
11134|137567
11134|79724
11134|138194
11134|138195
11134|137529
11134|137771
11134|79378
11134|137552
11134|137428
11134|137564
11134|138204
11134|79375
11134|80472
11134|137581
11134|137305
11134|137550
11134|79193
11134|79376
11134|137310
11134|137721
11134|137772
11134|137775
11134|79366
11134|137551
11134|137561
11134|79185
11134|137538
11134|79720
11134|79369
11134|137523
11134|138033
11134|137559
11134|79689
11134|137584
11134|137770
11134|137566
11134|78828
11134|138272
11134|137783
11134|138027
11134|12535
11134|137534
11134|137530
11134|138247
11135|58365
11135|119222
11135|76601
11135|75801
11135|77089
11135|137605
11135|138308
11135|97636
11135|118532
11135|137308
11135|137872
11135|120736
11135|118791
11135|137866
11135|124051
11135|74831
11135|65949
11135|137296
11135|72254
11135|138086
11135|83431
11135|118857
11135|137558
11135|138151
11135|136758
11135|137579
11135|137962
11135|136407
11135|76691
11135|107393
11135|40267
11135|80287
11135|93868
11135|137921
11135|118648
11135|28093
11135|76456
11135|138478
11135|137963
11135|118860
11135|138436
11135|79143
11135|77109
11135|137275
11135|118849
11136|137238
11136|138444
11136|138341
11136|138305
11136|137921
11136|120736
11136|138436
11136|137360
11136|137249
11136|137260
11136|137236
11136|137237
11136|137255
11136|138319
11136|138395
11136|118532
11136|137244
11136|136718
11136|137274
11136|137258
11136|138268
11136|40698
11136|138301
11136|136758
11136|138316
11136|74831
11136|138427
11136|137399
11136|137866
11136|28093
11136|137963
11136|137308
11136|138292
11136|137272
11136|137257
11136|111867
11136|132068
11136|136933
11136|137642
11136|118849
11136|138528
11136|137239
11136|137872
11136|107393
11136|119222
11136|138286
11136|65949
11136|137320
11136|137691
11136|137448
11136|137247
11136|138277
11136|118648
11136|131748
11136|137398
11136|137076
11136|114173
11136|40717
11136|138308
11136|93868
11136|137373
11136|118791
11136|96652
11136|137147
11136|137813
11136|137580
11136|121878
11136|72254
11136|137655
11136|137245
11136|138478
11136|118860
11136|137670
11136|138309
11136|40267
11136|137826
11136|58365
11136|137962
11136|136407
11136|137146
11136|138307
11136|77089
11136|15838
11136|138278
11137|137962
11137|74831
11137|118532
11137|138436
11137|121073
11137|137639
11137|138478
11137|83431
11137|137846
11137|137170
11137|137963
11137|136758
11137|118849
11137|136935
11137|120736
11137|77089
11137|138463
11137|118860
11137|118698
11137|137076
11137|72254
11137|137866
11137|138307
11137|119324
11137|137867
11137|95688
11137|138078
11137|40267
11137|82108
11137|118791
11137|65949
11137|137872
11137|137308
11137|136407
11137|93868
11137|137860
11137|137563
11137|138086
11137|40770
11137|28093
11137|40280
11137|138193
11137|138450
11137|137810
11137|121002
11137|137921
11137|40348
11138|83431
11138|137963
11138|40348
11138|138478
11138|137872
11138|119324
11138|138436
11138|137867
11138|137962
11138|137993
11138|118849
11138|137803
11138|58365
11138|118648
11138|40280
11138|118582
11138|118532
11138|137308
11138|40770
11138|138432
11138|138307
11138|137846
11138|118860
11138|82108
11138|136407
11138|77089
11138|137866
11138|120736
11138|118698
11138|138078
11138|40267
11138|118791
11138|65949
11138|137810
11138|137170
11138|136758
11138|28093
11138|74831
11138|137921
11138|138450
11138|93868
11138|72254
11138|136935
11139|136796
11139|137439
11139|112037
11140|121002
11140|120736
11140|118791
11140|77089
11140|137656
11140|65949
11140|137962
11140|137872
11140|28093
11140|72254
11140|40267
11140|10726
11140|58365
11140|136432
11140|93868
11140|119430
11140|118860
11140|137308
11140|138436
11140|136718
11140|136407
11140|138478
11140|118532
11140|136758
11140|137866
11140|137691
11140|83431
11140|118849
11140|138443
11140|70615
11140|74831
11140|137963
11140|118857
11140|114173
11140|137921
11140|90370
11141|138493
11141|137281
11141|137289
11141|95688
11141|137283
11141|42871
11141|137275
11141|119703
11141|137293
11141|137277
11141|137305
11141|137282
11141|137290
11141|137278
11141|137276
11142|138244
11142|138063
11142|96293
11142|138147
11142|138486
11142|138240
11142|137546
11142|138065
11142|109474
11142|137977
11142|138043
11142|89810
11142|136477
11142|26680
11142|137554
11142|137607
11142|138235
11142|118863
11142|138039
11142|138040
11142|137542
11142|89006
11142|138218
11142|120430
11142|30592
11142|10341
11142|137541
11143|138065
11143|63533
11143|118863
11143|10341
11143|96293
11143|137546
11143|138147
11143|137542
11143|137554
11143|89006
11143|26680
11143|137541
11143|138240
11143|138235
11143|137589
11143|136477
11143|138063
11143|138486
11143|138244
11143|89810
11143|137868
11143|30592
11143|138215
11143|138040
11143|109474
11143|138218
11143|120430
11143|137607
11143|138043
11144|137569
11144|54416
11144|137653
11144|126795
11144|22396
11144|128440
11145|137467
11145|137404
11145|107438
11145|137710
11145|137343
11145|105519
11145|117980
11145|61623
11145|138168
11145|137375
11145|137485
11145|28756
11145|137237
11145|137731
11145|137468
11145|137294
11146|117980
11146|138168
11146|129364
11146|137375
11146|137294
11146|137404
11146|137343
11147|128440
11147|138081
11147|118898
11147|119101
11147|26743
11147|138091
11147|138083
11147|137649
11147|112055
11147|137836
11147|75879
11147|137496
11147|138100
11147|137618
11147|137358
11147|138323
11147|108081
11148|138116
11148|10343
11148|137999
11148|75869
11148|137649
11148|75879
11148|28234
11148|31429
11148|137358
11148|54177
11148|138374
11148|138417
11148|14899
11148|11671
11148|138083
11148|93503
11148|51172
11148|26744
11148|137704
11148|135225
11148|138125
11148|137706
11148|137631
11148|138091
11148|123998
11148|11531
11148|137907
11148|16704
11148|137415
11148|27327
11148|119101
11148|112055
11148|137576
11148|137875
11148|118898
11148|32239
11148|137756
11148|137618
11148|118359
11148|26743
11148|44356
11148|30044
11148|138422
11148|10553
11148|137874
11148|26618
11148|138119
11148|138100
11148|13615
11148|138081
11148|11537
11148|108081
11148|12217
11148|15877
11148|24853
11148|12362
11148|137879
11149|63666
11149|137662
11149|120452
11149|135225
11149|28638
11149|28170
11150|137298
11150|25576
11151|25576
11151|137298
11151|137712
11153|137577
11153|20228
11153|137196
11153|137445
11154|120452
11154|137589
11154|119703
11154|63666
11154|28638
11154|28170
11155|74831
11155|137393
11155|137741
11155|137935
11155|137405
11155|137745
11155|137495
11155|97636
11155|137489
11155|21662
11155|138008
11155|138129
11155|137392
11155|137724
11155|137558
11155|137779
11155|138051
11155|120134
11155|135220
11156|137356
11156|138454
11159|138405
11161|137533
11164|137842
11165|137667
11167|137496
11168|138446
11169|138082
11169|121414
11169|127700
11172|138012
11174|135815
11174|118849
11175|119637
11180|118976
11180|119838
11181|98749
11181|114219
11181|137920
11181|12997
11181|138440
11181|10341
11181|128025
11181|72676
11181|136966
11181|96223
11181|136464
11181|136896
11181|10404
11181|138036
11182|10404
11182|136464
11182|138036
11182|36554
11182|136896
11182|12997
11182|10341
11183|137484
11183|25424
11183|137514
11183|13024
11183|137490
11183|138025
11183|33995
11183|137691
11183|122201
11183|10341
11183|72237
11183|120710
11183|118188
11183|118917
11183|138215
11183|129233
11183|138196
11184|137694
11184|44244
11184|137866
11184|74831
11184|137963
11184|138051
11184|138161
11184|116340
11184|137806
11184|137495
11184|138433
11184|120736
11184|136407
11184|137817
11184|137691
11184|138238
11184|40267
11184|138221
11184|40770
11184|137687
11184|135220
11184|35907
11184|97471
11184|137832
11184|138436
11184|138071
11184|137851
11184|118860
11184|138478
11184|137872
11184|137745
11184|65949
11184|138427
11184|118648
11184|77089
11184|137976
11184|30733
11184|137778
11184|72254
11184|137675
11184|98358
11184|137950
11184|136758
11184|58365
11184|28093
11184|83431
11184|118791
11184|137308
11184|137723
11184|137962
11184|118532
11184|137494
11184|137669
11184|93868
11184|118849
11184|137489
11184|137821
11184|137921
11184|137923
11184|137493
11184|137791
11185|137430
11185|85883
11185|137419
11185|138277
11185|121874
11185|138437
11185|137975
11185|137492
11185|121411
11185|137438
11185|137435
11185|137454
11185|80832
11185|137416
11185|137458
11185|137800
11185|137455
11186|138109
11186|118860
11186|138008
11186|77089
11186|138471
11186|138117
11186|74831
11186|77109
11186|138458
11186|97636
11186|138455
11186|118791
11186|138453
11186|138151
11186|138114
11186|118911
11187|137454
11187|85883
11187|137620
11187|137438
11187|137683
11187|137847
11187|121874
11187|137430
11187|138397
11187|121411
11187|138437
11187|137416
11187|80832
11187|137455
11187|137458
11188|137439
11188|137574
11188|137800
11189|137519
11189|137513
11189|138064
11189|72756
11189|137812
11189|90673
11189|118636
11189|120365
11189|137077
11189|82834
11189|16286
11189|135220
11189|116085
11189|137889
11190|137889
11190|137812
11190|82834
11190|137513
11190|118636
11190|137077
11190|120506
11190|120365
11190|72756
11190|90673
11191|137591
11191|137798
11191|138216
11191|137435
11192|137519
11192|90731
11192|137515
11192|137570
11192|138071
11192|137503
11193|137808
11193|137848
11193|137515
11193|90731
11193|137570
11194|137515
11194|90731
11194|137570
11195|79172
11196|79172
11196|137604
11197|138458
11197|79172
11197|62254
11197|138008
11197|138050
11197|138299
11198|138098
11198|79172
11198|118697
11199|79172
11200|137512
11200|125035
11200|137499
11201|118924
11201|80428
11202|138416
11202|137520
11202|138026
11202|137507
11203|77089
11203|137962
11203|76456
11203|137553
11203|75801
11203|118791
11203|118849
11203|74831
11203|83431
11203|76691
11203|118582
11203|65949
11203|118860
11203|80287
11203|118532
11204|137549
11205|136079
11206|137571
11206|124230
11208|119254
11208|137562
11208|138021
11208|120209
11208|137712
11208|138484
11208|123826
11208|138243
11209|119878
11209|137562
11209|137838
11209|119254
11209|119600
11209|137871
11209|138243
11209|138484
11209|137863
11209|138021
11209|137935
11209|137354
11210|138510
11210|119878
11210|137974
11210|119254
11210|118957
11210|137562
11210|138021
11210|138243
11210|138378
11210|138484
11210|137932
11211|137358
11211|25023
11211|75873
11211|75853
11211|137618
11211|26743
11211|119101
11211|108081
11211|137801
11211|75879
11211|137977
11211|75869
11212|137889
11212|137616
11213|137616
11213|137889
11214|137616
11214|137889
11215|137889
11215|137952
11215|138036
11215|137616
11215|13283
11216|138493
11216|137616
11217|137616
11218|120216
11218|138098
11219|22614
11219|137681
11219|24875
11219|16286
11219|115637
11219|137662
11219|137666
11219|58365
11219|25813
11219|127684
11219|25881
11219|138092
11219|31316
11219|137863
11219|116085
11219|72820
11219|25820
11219|137661
11219|98076
11219|13615
11219|138077
11219|138099
11219|25834
11219|72254
11219|10343
11219|48612
11220|137616
11221|137836
11221|137358
11221|137855
11221|136868
11221|25020
11222|137836
11222|26743
11222|75879
11222|137618
11222|25020
11222|137358
11223|129364
11223|137710
11224|136547
11224|138416
11224|77711
11224|28631
11224|136436
11224|138141
11224|137703
11224|138085
11224|130392
11225|137709
11225|26206
11225|23358
11225|138454
11226|137935
11226|137779
11226|135220
11226|21662
11226|137724
11227|137968
11227|138126
11227|138144
11227|27056
11227|24969
11227|24988
11227|138224
11227|24972
11227|29243
11227|57908
11227|137951
11227|137979
11227|90478
11227|24556
11227|23758
11227|32186
11227|138217
11227|32294
11227|119777
11227|29631
11227|138548
11227|29404
11227|138483
11227|29237
11227|138213
11227|119246
11227|119510
11227|137992
11227|137940
11227|138241
11227|119527
11227|137777
11227|137790
11227|137795
11227|137948
11227|119509
11227|119255
11227|26851
11227|138159
11227|138140
11227|24621
11227|138249
11227|138046
11227|29635
11227|119029
11227|138212
11227|25576
11227|24413
11227|10297
11227|138226
11227|138024
11227|137954
11227|137996
11228|138405
11228|138311
11228|137741
11229|138411
11230|135815
11230|138137
11231|137580
11231|77089
11231|118860
11231|137691
11231|118791
11231|138544
11232|137934
11232|138415
11233|138112
11233|26680
11233|138244
11233|138267
11233|138039
11233|138043
11233|127684
11233|120430
11233|138550
11233|137607
11233|94123
11233|138235
11233|138486
11233|138063
11233|10341
11233|138147
11233|138065
11233|138218
11233|89006
11233|138240
11233|96293
11233|138040
11233|67901
11233|30592
11233|137291
11234|89006
11234|81204
11234|10341
11234|96293
11234|138063
11234|138147
11234|138218
11234|26680
11234|138043
11234|30592
11234|138486
11234|138036
11234|138235
11234|138112
11234|138039
11234|138040
11234|138065
11234|138411
11234|138240
11234|138244
11234|137607
11235|67901
11235|30592
11235|138063
11235|96293
11235|12997
11235|138036
11235|138147
11235|94123
11235|138486
11235|138240
11235|63533
11235|13024
11235|137607
11235|138218
11235|136896
11235|138043
11235|20236
11235|138244
11235|26680
11235|138040
11235|89006
11235|138550
11235|10341
11235|138039
11235|138235
11235|120430
11235|10404
11235|13283
11235|136540
11235|138065
11236|138311
11237|96899
11237|138013
11237|138473
11238|138025
11238|137490
11238|137484
11238|129233
11238|138196
11238|138149
11239|138266
11239|72676
11239|67901
11239|138234
11239|10404
11239|13283
11239|138223
11239|138206
11239|138259
11240|120430
11240|138223
11240|138259
11240|138206
11240|13283
11240|138222
11240|138234
11240|72676
11240|10404
11241|138429
11241|138385
11241|138123
11241|96223
11241|136896
11241|138303
11241|138440
11241|138036
11241|138306
11241|138234
11241|13024
11241|136464
11241|77195
11241|138322
11241|12997
11241|138049
11241|138390
11241|72676
11241|138223
11241|138435
11241|138266
11241|136966
11241|10404
11241|138206
11241|10341
11241|138414
11241|138388
11241|138259
11241|138439
11241|138089
11241|138312
11241|63533
11241|138324
11242|137435
11242|62254
11242|138168
11242|138094
11242|138050
11242|69071
11242|138064
11242|138139
11243|138259
11243|138234
11243|138223
11243|10404
11243|138266
11243|138206
11243|120430
11243|136865
11244|12389
11245|136986
11245|138359
11245|138473
11245|138326
11245|138420
11245|137100
11245|81095
11245|138384
11245|138399
11245|138369
11245|137435
11245|137298
11245|138380
11245|138102
11245|96899
11246|138405
11246|138283
11246|138299
11246|74381
11246|138130
11246|138364
11246|138408
11246|138134
11246|138121
11246|138354
11246|138310
11246|138485
11246|138127
11246|138280
11246|138143
11247|74381
11247|138354
11247|138121
11247|138310
11247|138127
11247|138143
11247|138364
11247|138408
11247|138299
11247|138405
11247|138130
11247|138283
11247|138320
11247|138134
11247|138280
11248|138232
11248|138037
11249|118791
11249|118860
11249|137580
11249|138180
11249|77089
11250|138037
11250|138232
11251|138037
11251|138232
11252|11531
11252|138037
11252|138232
11253|127700
11253|80472
11253|80429
11253|29716
11253|138321
11253|77770
11253|34976
11253|138272
11253|75870
11253|138517
11253|93503
11254|138215
11255|93503
11255|80429
11255|77770
11255|34976
11255|80472
11255|138477
11255|138272
11255|75870
11255|127700
11255|29716
11255|138321
11256|138297
11256|138452
11256|138065
11256|138262
11256|138368
11256|63533
11256|138289
11256|138285
11256|138063
11256|106791
11256|138288
11256|138231
11256|138225
11256|138314
11256|138279
11256|137554
11256|138255
11256|138389
11256|98724
11256|138043
11256|138507
11256|138240
11256|89006
11256|138293
11256|138267
11256|138302
11256|138350
11256|118924
11256|136540
11256|138448
11256|138276
11256|27749
11256|138258
11256|96293
11256|138410
11256|138313
11256|138147
11256|10341
11256|138287
11256|138040
11256|78108
11256|138263
11256|138304
11257|138289
11257|138255
11257|138416
11257|138285
11257|138263
11257|118924
11257|138262
11257|138040
11257|138297
11257|138288
11257|138267
11257|138258
11257|138287
11257|138313
11257|120430
11257|138304
11257|138293
11257|138279
11257|138389
11257|138147
11257|138410
11257|89006
11257|138043
11257|138302
11257|138448
11257|138452
11257|138368
11257|138314
11257|138240
11257|138063
11257|138065
11257|11043
11257|138350
11257|138507
11257|10341
11257|106791
11257|96293
11258|138065
11258|138063
11258|138289
11258|138040
11258|138452
11258|138285
11258|138313
11258|138262
11258|138448
11258|138258
11258|138288
11258|138302
11258|138350
11258|138263
11258|89006
11258|138240
11258|138043
11258|138287
11258|10341
11258|138147
11258|138297
11258|138507
11258|138314
11258|138255
11258|138304
11258|138389
11258|138267
11258|138279
11258|138368
11258|138410
11259|106791
11259|138288
11259|138389
11259|138350
11259|138293
11259|138043
11259|77195
11259|138313
11259|118924
11259|138267
11259|138065
11259|138287
11259|138289
11259|138452
11259|138262
11259|138040
11259|138448
11259|138258
11259|138314
11259|138147
11259|11531
11259|138302
11259|138255
11259|138415
11259|138240
11259|120430
11259|35007
11259|138297
11259|138285
11259|138304
11259|138368
11259|138063
11259|138279
11259|138410
11259|11043
11259|10341
11259|138263
11260|138350
11260|138297
11260|10341
11260|138258
11260|138279
11260|138304
11260|138147
11260|138240
11260|138368
11260|138263
11260|138065
11260|138452
11260|138063
11260|138313
11260|138448
11260|138040
11260|138267
11260|138043
11260|138285
11260|138389
11260|138255
11260|138314
11260|138287
11260|138289
11260|138288
11260|138410
11261|138427
11261|137614
11261|119570
11261|26048
11261|118794
11261|138256
11261|119571
11261|120924
11261|138250
11261|77089
11261|138531
11261|137580
11261|114272
11262|138470
11263|138405
11263|138485
11263|138419
11263|138320
11263|138364
11263|138097
11263|138121
11263|138418
11264|74381
11264|138405
11264|138419
11264|138121
11264|138418
11264|138364
11264|138485
11264|138097
11265|138364
11265|138320
11265|138354
11265|138485
11265|138405
11265|138121
11265|138418
11265|138419
11266|138409
